1001,0.046914887582020684
1003,0.042785981142145525
1005,0.03896283014964485
1007,0.04407065506834724
1009,0.04442066751803403
1011,0.061084543896057025
1013,0.05242746337259408
1015,0.04819584559636617
1017,0.04492455418381344
1019,0.035627783420579734
1021,0.04777515416886362
1023,0.02881985835495407
1025,0.056633633520479294
1027,0.060437997724687144
1029,0.04519096180763847
1031,0.0443783970848686
1033,0.04982830290981385
1035,0.04837744878121729
1037,0.02383053839364519
1039,0.05404475953653246
1041,0.04832607609393961
1043,0.045790323369698155
1045,0.04369650427965763
1047,0.047003685671383716
1049,0.059753407612691586
1051,0.04653159123903301
1053,0.04884885924157085
1055,0.05106455652965957
1057,0.0422781666290359
1059,0.0738058503101483
1061,0.04171972136918583
1063,0.04089824256888696
1065,0.051114482436690395
1067,0.04743358716502936
1069,0.04750337114301578
1071,0.050628212979975135
1073,0.041964924838940584
1075,0.03966044142614601
1077,0.036509437037519965
1079,0.031083609152396028
1081,0.052633874696482834
1083,0.046319199427444974
1085,0.06279835390946502
1087,0.029483255311487218
1089,0.034718364794764624
1091,0.05288192501398993
1093,0.04201570680628272
1095,0.058287617554858936
1097,0.044681752323739936
1099,0.03143924751964953
1101,0.050543239993575746
1103,0.04587148264084123
1105,0.05932987782302851
1107,0.05401203610832497
1109,0.046931633545806775
1111,0.04137213235612993
1113,0.039858468011858085
1115,0.04582335402512342
1117,0.0473312982507319
1119,0.03905566890119499
1121,0.038546856249318154
1123,0.03850934646459817
1125,0.06269152667528152
1127,0.04792614706820092
1129,0.04964619303707897
1131,0.04935761912506099
1133,0.04625096103265488
4001,0.06142423691606426
4003,0.02056539628697246
4005,0.048031845647937034
4007,0.044192084275014476
4009,0.04661213994583801
4011,0.015722120658135285
4012,0.03322807869808113
4013,0.045432866562757336
4015,0.02557230877122677
4017,0.06470593552002459
4019,0.03307082836492955
4021,0.0402472877783673
4023,0.0725903548521267
4025,0.01703895957873433
4027,0.07945982471946925
5001,0.04333555566952151
5003,0.03079734367339662
5005,0.026274565650811734
5007,0.047686244422828386
5009,0.037350758309131975
5011,0.03339486491021983
5013,0.02010233918128655
5015,0.04240092066460476
5017,0.09006134969325154
5019,0.029038802941922393
5021,0.042361451692005885
5023,0.02301456180120644
5025,0.0347806319618095
5027,0.03540322580645161
5029,0.02407146215326751
5031,0.06351402339328387
5033,0.04368615163680277
5035,0.055533268382142245
5037,0.0367923514878075
5039,0.0284646001688578
5041,0.035572249226690236
5043,0.02768514107246837
5045,0.0372906809484607
5047,0.03638344226579521
5049,0.03652216829809986
5051,0.03297761209315663
5053,0.02604195648544878
5055,0.053332056683263115
5057,0.03128770901568695
5059,0.07967410210246864
5061,0.05063913470993117
5063,0.051517837358741415
5065,0.06714222679805854
5067,0.07128401169327636
5069,0.06005113935474167
5071,0.045234820200432305
5073,0.0296229802513465
5075,0.058813403718154696
5077,0.1055369751021925
5079,0.16718463059754202
5081,0.04250018872197479
5083,0.033204667076059305
5085,0.0342405356529017
5087,0.033400681904280846
5089,0.018608510133933862
5091,0.04345547352110109
5093,0.06
5095,0.03162473548083706
5097,0.023253344659163306
5099,0.04193097516396086
5101,0.04450757575757576
5103,0.019153035397227153
5105,0.019090132016335835
5107,0.03780888508799568
5109,0.02857908368312941
5111,0.05875089620011153
5113,0.028190770418999807
5115,0.052975918553808
5117,0.035923423423423424
5119,0.03773236952631292
5121,0.04619758351101635
5123,0.0687236022621519
5125,0.03790573263303548
5127,0.026463864955160895
5129,0.031253800316186305
5131,0.04925625368684534
5133,0.09304235597794204
5135,0.030654795446861265
5137,0.034831915755366545
5139,0.03128629163376225
5141,0.01595278443288728
5143,0.06776233747522072
5145,0.0306557911908646
5147,0.022418567849136227
5149,0.06730983965340122
6001,0.017288023097600635
6003,0.025380710659898477
6005,0.010581052413721736
6007,0.015525282553846016
6009,0.008337609030271934
6011,0.027904169375058036
6013,0.020271359573853093
6015,0.007694421544380325
6017,0.009284902516798888
6019,0.03709006753578207
6021,0.02753261366433419
6023,0.0051324960964640315
6025,0.08321069052805086
6027,0.014395183360700602
6029,0.04450223920956206
6031,0.06265198017849867
6033,0.011824504268691695
6035,0.0322470665113504
6037,0.03439360429637997
6039,0.03673134954735306
6041,0.029113379606428777
6043,0.00496264383486939
6045,0.014805165382872678
6047,0.04102535710331082
6049,0.00971888389591389
6051,0.03514376996805112
6053,0.03130651998991197
6055,0.01839348420535603
6057,0.008639417467916482
6059,0.021581514998996666
6061,0.015620342044102793
6063,0.006944781700743043
6065,0.03534916669773685
6067,0.021567861834871697
6069,0.029000554948891
6071,0.036693029063930856
6073,0.021240352947118804
6075,0.016907636642512314
6077,0.03431029980114411
6079,0.018962401114041065
6081,0.017423293827591897
6083,0.025076785135160914
6085,0.01609145754858542
6087,0.013183013501184516
6089,0.018214453373098058
6091,0.0033434650455927053
6093,0.008204132942240257
6095,0.02152327824584922
6097,0.022964938739390012
6099,0.037467645354452385
6101,0.023680829147596342
6103,0.019399288798577597
6105,0.004833665055444982
6107,0.04335108274468148
6109,0.009960477110398241
6111,0.02019214476319578
6113,0.01931896038687931
6115,0.021325219929237166
8001,0.052392007960016924
8003,0.02941740743109292
8005,0.03625959249645768
8007,0.008183438664722088
8009,0.01109391124871001
8011,0.005304212168486739
8013,0.028647050184905813
8014,0.028120812660703293
8015,0.028738569886976772
8017,0.015384615384615385
8019,0.015779092702169626
8021,0.01573278470289241
8023,0.017366136034732273
8025,0.11168831168831168
8027,0.012543903662819869
8029,0.011598020947118166
8031,0.04696605074485182
8033,0.001541623843782117
8035,0.026200253413450787
8037,0.03628352490421456
8039,0.017431625949937746
8041,0.03045906121630936
8043,0.032485314714551496
8045,0.029417066224449333
8047,0.011686143572621035
8049,0.015261879986125564
8051,0.027477536137517907
8053,0.007062146892655367
8055,0.012153489007237471
8057,0.009495982468955442
8059,0.027547382943066398
8061,0.010362694300518135
8063,0.028564541400506207
8065,0.02556197816313423
8067,0.012556788269931951
8069,0.023888344233894254
8071,0.007294679914476167
8073,0.016120168529034622
8075,0.07903546869344914
8077,0.025951018317958797
8081,0.00986605213884488
8083,0.016758905604489827
8085,0.01581443097379742
8087,0.04441306266548985
8089,0.01605396642786174
8091,0.02199736031676199
8093,0.010088347659980897
8095,0.028924707440936188
8097,0.022994782186627837
8099,0.02791160051999694
8101,0.03185844050384303
8103,0.00965813276099954
8105,0.014694894146948941
8107,0.017134759082710643
8109,0.029162889090359627
8111,0.024216524216524215
8113,0.022041143467806574
8115,0.03106876553438277
8117,0.04172264788118668
8119,0.018114829597789376
8121,0.03247970018738289
8123,0.04008435454422235
8125,0.02643171806167401
9001,0.03396884339200864
9003,0.02591162916055053
9005,0.016772776253663513
9007,0.01675119928789481
9009,0.02668296760131516
9011,0.017885526795479403
9013,0.015620606908636777
9015,0.01635085190368837
10001,0.025746006229277606
10003,0.0293066951372239
10005,0.04713497343854763
11001,0.0315478190071307
12001,0.04781575121392152
12003,0.07130284986705614
12005,0.04557793293109375
12007,0.044809944030491364
12009,0.02498700500032945
12011,0.05376067531323986
12013,0.05611530926392387
12015,0.027004456078028108
12017,0.02789369801212463
12019,0.03692369810759406
12021,0.049709235571940145
12023,0.06600688970631167
12027,0.051221233940420725
12029,0.059046177138531414
12031,0.04452982163663242
12033,0.04978597602144828
12035,0.02617801047120419
12037,0.07067353891849393
12039,0.06643822577574719
12041,0.03943908851884312
12043,0.05237625390560763
12045,0.06368512974051896
12047,0.06364931804302097
12049,0.05935132493104772
12051,0.05947535052012664
12053,0.02482837927309475
12055,0.032640830602407224
12057,0.04371349811542198
12059,0.05228064858311866
12061,0.032779347040662155
12063,0.07006798675942995
12065,0.04928272359118677
12067,0.15078901227352426
12069,0.031998649203427314
12071,0.04366712693494361
12073,0.049833521165021454
12075,0.03117244117939045
12077,0.06757579447217825
12079,0.060922092002684704
12081,0.04601307756401719
12083,0.03567750299887315
12085,0.03967946946670351
12086,0.08097323422971375
12087,0.038007898788406186
12089,0.038570910814352224
12091,0.04175014154435783
12093,0.046422235363690126
12095,0.04627725326022393
12097,0.06079853102200081
12099,0.04470014143303081
12101,0.027155491236533203
12103,0.03150391204669509
12105,0.042767204451469615
12107,0.03383634204592456
12109,0.04083823870595281
12111,0.03649217576757178
12113,0.04361415910529648
12115,0.02972889588557777
12117,0.027419748377911647
12119,0.03778136008119888
12121,0.0762893633616067
12123,0.07160729721122788
12125,0.07810557990449402
12127,0.028482046135219524
12129,0.04755294421487603
12131,0.05992639654320084
12133,0.0576986346438559
13001,0.07102334715252018
13003,0.06697707736389685
13005,0.06696510140690663
13007,0.032284319045035266
13009,0.054243313274942716
13011,0.03754246885617214
13013,0.044618128561692505
13015,0.04637372973194021
13017,0.05421146953405018
13019,0.0344808772982705
13021,0.04585492063693379
13023,0.05245372859227402
13025,0.04206423085873866
13027,0.037133353492591475
13029,0.04589072393759384
13031,0.05237353636730692
13033,0.04992099756587095
13035,0.04043351396415173
13037,0.047062442325438325
13039,0.0332040717401842
13043,0.0554634236226276
13045,0.043822075782537065
13047,0.02746041917384305
13049,0.06519118153634172
13051,0.03912884965940708
13053,0.14885114885114886
13055,0.04343748827787989
13057,0.043335465984218384
13059,0.06373242152351082
13061,0.044748290863890615
13063,0.03588011036610692
13065,0.07506778935350364
13067,0.03832707312090044
13069,0.0647262316593105
13071,0.05611642847777632
13073,0.04918951031146567
13075,0.04556368960468521
13077,0.03580183615592905
13079,0.018254465684738326
13081,0.03839494416067873
13083,0.027282582510238497
13085,0.04569856092389588
13087,0.05355894280520207
13089,0.034500107117435265
13091,0.04851419348713567
13093,0.03366953426283002
13095,0.0372967142383007
13097,0.039079873980726466
13099,0.054980148455031935
13101,0.06373256373256374
13103,0.03925369982916483
13105,0.05003625815808557
13107,0.06076313267706246
13109,0.04694629694629695
13111,0.0401042111557188
13113,0.025675349062041015
13115,0.05112070738227432
13117,0.03481007043627912
13119,0.04979757085020243
13121,0.03767799642587616
13123,0.04107875165079586
13125,0.025050778605280974
13127,0.05232691865368397
13129,0.05674033149171271
13131,0.03819540548021035
13133,0.04216754905014014
13135,0.04520571626138066
13137,0.04766548257528267
13139,0.06459079636263433
13141,0.046113719353155974
13143,0.039159109645507006
13145,0.031366208569118835
13147,0.028644480843753744
13149,0.028624661246612466
13151,0.03948460273582072
13153,0.03190522250747267
13155,0.04044044044044044
13157,0.04928413186522501
13159,0.029019776440240758
13161,0.06495940037476577
13163,0.05606319636856688
13165,0.057669857576465096
13167,0.052572132662491014
13169,0.025956187927026836
13171,0.03339652096342551
13173,0.041589346141250955
13175,0.05119678121279304
13177,0.027985314955558418
13179,0.02290064254739974
13181,0.03562215943987225
13183,0.02384035341610176
13185,0.05383627668087165
13187,0.040905438921298075
13189,0.039574371745528636
13191,0.027388829050623172
13193,0.02177108855442772
13195,0.03543848513699355
13197,0.02985261054209343
13199,0.03271561566836466
13201,0.0642628205128205
13205,0.03921895166326658
13207,0.03638673905509992
13209,0.044929116684841876
13211,0.041484238178633975
13213,0.03474116115083167
13215,0.036199353935944985
13217,0.035536653200430375
13219,0.03851343063902858
13221,0.03464061218912271
13223,0.03167630227655058
13225,0.03571428571428571
13227,0.03306168422447492
13229,0.06292727566345481
13231,0.0398667344288215
13233,0.05146726862302483
13235,0.03832941601880311
13237,0.0449978572448931
13239,0.028255059182894234
13241,0.030259279311796908
13243,0.047869542346133616
13245,0.04652196898206019
13247,0.02943818100167813
13249,0.03319680965725372
13251,0.03259426447158789
13253,0.054565578306585504
13255,0.033009588425732296
13257,0.05302595863439997
13259,0.1141804788213628
13261,0.03568514881402025
13263,0.03258145363408521
13265,0.020363236103467255
13267,0.04227170054856405
13269,0.03544587773415592
13271,0.04225352112676056
13273,0.03873486137523771
13275,0.040159324185323794
13277,0.0543446951512242
13279,0.05844948986923409
13281,0.04900232018561485
13283,0.05355612682090831
13285,0.0563573779401552
13287,0.043904013773808245
13289,0.024719101123595506
13291,0.04664668415136755
13293,0.05041441441441442
13295,0.033928412825295316
13297,0.03480881253781632
13299,0.06797657490011494
13301,0.03361344537815126
13303,0.047926484448633365
13305,0.050495280659040125
13307,0.02323749507680189
13309,0.058091286307053944
13311,0.042584713569366356
13313,0.06875991632391135
13315,0.03692341404623644
13317,0.037630859190795056
13319,0.04159132007233273
13321,0.03158183815452215
15001,0.008204308777343104
15003,0.015313378218897784
15007,0.0012562623923473943
15009,0.004707816965380969
16001,0.056208906794594136
16003,0.02259590120861797
16005,0.04198031268094962
16007,0.022950274405454846
16009,0.023596938775510203
16011,0.047648473880514665
16013,0.049981741829468684
16015,0.015491235222176927
16017,0.01789973258811342
16019,0.060302396180258774
16021,0.026478055857816468
16023,0.03933170901496694
16025,0.04661791590493602
16027,0.06841643286788977
16029,0.054323094425483505
16031,0.08359381977315353
16033,0.047094188376753505
16035,0.03590101080515859
16037,0.028286575469510782
16039,0.02624708953644253
16041,0.03867316459676152
16043,0.04790647921760391
16045,0.037458313482610764
16047,0.05554820790900675
16049,0.033395755305867664
16051,0.0516569592287608
16053,0.07592532542734053
16055,0.042750269769193446
16057,0.03709656171782374
16059,0.049262315578894725
16061,0.04010554089709763
16063,0.06188068756319515
16065,0.09035747262894077
16067,0.07818992601601298
16069,0.043556251736944496
16071,0.021952358710882764
16073,0.043291936330243135
16075,0.059624024076416454
16077,0.05296583259240442
16079,0.029901356350184958
16081,0.04672105095878801
16083,0.07752783876523409
16085,0.021048155628787073
16087,0.059161793372319686
17001,0.05347326336831584
17003,0.02591663680879016
17005,0.04482683033757124
17007,0.05808967582153551
17009,0.032319114863881206
17011,0.046463049737480944
17013,0.0315891472868217
17015,0.05657405657405657
17017,0.051961210015921265
17019,0.04566468487510706
17021,0.043286846365779535
17023,0.036818938853200096
17025,0.04268859492313193
17027,0.06864519563481501
17029,0.053206509623244407
17031,0.048166734599234595
17033,0.04298223667750813
17035,0.04452857400396611
17037,0.038329885273650555
17039,0.030157683314347383
17041,0.05566381851796332
17043,0.03835221654603431
17045,0.030869083425676746
17047,0.024684014869888474
17049,0.059658193307482406
17051,0.054173702706403176
17053,0.03728670739414367
17055,0.04100796683399516
17057,0.028319479965899404
17059,0.02806297056810404
17061,0.04537360210841228
17063,0.041868053431222595
17065,0.0347970173985087
17067,0.040147885857113104
17069,0.021734259466726417
17071,0.03031105228325612
17073,0.03594076174721336
17075,0.040192554980381816
17077,0.03624089830986383
17079,0.05091649694501019
17081,0.03652477842965922
17083,0.040912837867152586
17085,0.03948871123605376
17087,0.04354354354354354
17089,0.050923270793587626
17091,0.058351229346539864
17093,0.04634075024288099
17095,0.04023635340461452
17097,0.04353459626946373
17099,0.041573072837764895
17101,0.03587232285090566
17103,0.0407642605584981
17105,0.04253303287923794
17107,0.03926247997646213
17109,0.03916912162568388
17111,0.03641213442141011
17113,0.03994491986194506
17115,0.04781598471323866
17117,0.03117171136391638
17119,0.041402034286805785
17121,0.04611698941904572
17123,0.020723785957315187
17125,0.03317880794701987
17127,0.021109031050287264
17129,0.025438321853475266
17131,0.03456952848840693
17133,0.04815752970267173
17135,0.030421627310399265
17137,0.04684329042840066
17139,0.04797570850202429
17141,0.041122039013216496
17143,0.038046921164564776
17145,0.0341332865353398
17147,0.035386165609625986
17149,0.05044581413440249
17151,0.014529520295202951
17153,0.05068836045056321
17155,0.027782344238040442
17157,0.0538959496377242
17159,0.032152352686576395
17161,0.04637011748167487
17163,0.03963317443489736
17165,0.03515231377412604
17167,0.03927822241897106
17169,0.023702492848385777
17171,0.03366189324902362
17173,0.04797327394209354
17175,0.02627284595300261
17177,0.042419317874033795
17179,0.036115160080206585
17181,0.05378704720087816
17183,0.03546460203797269
17185,0.03189493433395872
17187,0.04737165521479247
17189,0.034321268481969626
17191,0.043223399846053646
17193,0.02937437269989963
17195,0.05012816861293079
17197,0.04459408288886997
17199,0.04317132772196579
17201,0.05288762712090314
17203,0.03223733257924368
18001,0.03893483962073835
18003,0.04069271336047114
18005,0.03179081771964269
18007,0.027902285970416853
18009,0.030429187798047083
18011,0.035607410046312786
18013,0.017943998948337057
18015,0.027758637661187125
18017,0.06941262368136157
18019,0.039351513379149
18021,0.031691176470588237
18023,0.043544422334074684
18025,0.021703296703296703
18027,0.04021780664883454
18029,0.033934147594766595
18031,0.04093657931462242
18033,0.033699960132267066
18035,0.035426554292566755
18037,0.04922850844966936
18039,0.07281647697556845
18041,0.05078837501520003
18043,0.03566567928908814
18045,0.03570198599471932
18047,0.023339164568844134
18049,0.03331575667513542
18051,0.044327662480330154
18053,0.029373912797522238
18055,0.025292235941283745
18057,0.03822194454142855
18059,0.029417310956062606
18061,0.030496929666133443
18063,0.03424503031157479
18065,0.04177078889092054
18067,0.028992024234965566
18069,0.024155223567096384
18071,0.040389680005593495
18073,0.034877792772529614
18075,0.034691987031032885
18077,0.025067360963942964
18079,0.023637946040034812
18081,0.03653545331819059
18083,0.03742653881843489
18085,0.046230459224272914
18087,0.032690874241294854
18089,0.04621900711030955
18091,0.034196163487350884
18093,0.03246725451588049
18095,0.02982970522732215
18097,0.03978866897034138
18099,0.052595053835800806
18101,0.02761417398860674
18103,0.03216805730689776
18105,0.03329604137185025
18107,0.028706272852215855
18109,0.023763666232368436
18111,0.032386403294478956
18113,0.043354214476214105
18115,0.03217862419963881
18117,0.02926170468187275
18119,0.021063953748935597
18121,0.02402471113144949
18123,0.03824742268041237
18125,0.035519975128244986
18127,0.040450952537063344
18129,0.04037009063444109
18131,0.023730043541364296
18133,0.027011403647065006
18135,0.0358858007184723
18137,0.03480302817888686
18139,0.024947672116309327
18141,0.05340261159857012
18143,0.032450685664868424
18145,0.0328624899741556
18147,0.032859127269243664
18149,0.03239122193673392
18151,0.03361637780621147
18153,0.031114793335174445
18155,0.02024133904242896
18157,0.04000634368685682
18159,0.027705947543405985
18161,0.030630144379975712
18163,0.04665747453631633
18165,0.028169867329011933
18167,0.04477749766831962
18169,0.03410449545671927
18171,0.020641143911439116
18173,0.04765519568151147
18175,0.020418921768468407
18177,0.03530476765238383
18179,0.03340923646196542
18181,0.04074585635359116
18183,0.030951596970694766
19001,0.045765998707175175
19003,0.03331712062256809
19005,0.04288552442282661
19007,0.04805422283146752
19009,0.04226257432106701
19011,0.05138458088867297
19013,0.07065511434210427
19015,0.04105736782902137
19017,0.06372892534729378
19019,0.04412456486969611
19021,0.13548259493670886
19023,0.052839274964885295
19025,0.08918539325842696
19027,0.08227938041779168
19029,0.046529745042492916
19031,0.04647773279352227
19033,0.060934704830053664
19035,0.053901650219752885
19037,0.051485307070221795
19039,0.04667882820045069
19041,0.05387205387205387
19043,0.04715268225584594
19045,0.05366665330179223
19047,0.09468497008095741
19049,0.08632426731439163
19051,0.03961748633879782
19053,0.031697581591922985
19055,0.0674647572163795
19057,0.05785264590777608
19059,0.0662208545389987
19061,0.08362853445898649
19063,0.059973302822273075
19065,0.03932958765831825
19067,0.04713947703694716
19069,0.05453198777890936
19071,0.041034437260852354
19073,0.04290049178612535
19075,0.05360428834306744
19077,0.05554062527994267
19079,0.05045726900031536
19081,0.05966131133304386
19083,0.051403183173049885
19085,0.060377848471077064
19087,0.0761433747918911
19089,0.042588381228033906
19091,0.059412955465587045
19093,0.055617820117680024
19095,0.04728985684571149
19097,0.06026664023392972
19099,0.0497157567306661
19101,0.031244290151653573
19103,0.06380627934812633
19105,0.08905754635411663
19107,0.04074245939675174
19109,0.050510819214417156
19111,0.0461356575293503
19113,0.055893919388957505
19115,0.061452991452991455
19117,0.03066164604626143
19119,0.06972334741015254
19121,0.03648519579751672
19123,0.048270670032328065
19125,0.05019558661052883
19127,0.07459184429569986
19129,0.05579539508110937
19131,0.054708192528998084
19133,0.03582922119716799
19135,0.04778156996587031
19137,0.032389765922700056
19139,0.05412091087735522
19141,0.07626297577854671
19143,0.06753878916945542
19145,0.06192104445135219
19147,0.054300062774639044
19149,0.09580073447229762
19151,0.0611353711790393
19153,0.06582822685333817
19155,0.054166756459711654
19157,0.04351253350149772
19159,0.027251642829532276
19161,0.06473448374487559
19163,0.05249356431781769
19165,0.05210016155088853
19167,0.09767929330738134
19169,0.06332617783301323
19171,0.0754989714794018
19173,0.059168855244863275
19175,0.04505802320928371
19177,0.03788956420535368
19179,0.059882561489031684
19181,0.048293288605223604
19183,0.05170274369226527
19185,0.04068688118811881
19187,0.07603152526657395
19189,0.07007352273758737
19191,0.035604954551876795
19193,0.08982481216077878
19195,0.03559409785141082
19197,0.07805353527779861
20001,0.01883183757540091
20003,0.03975873953717381
20005,0.04199598914710393
20007,0.032503600082287594
20009,0.04574256015947601
20011,0.02591693458434486
20013,0.04980314960629921
20015,0.038776290630975145
20017,0.04829742876997915
20019,0.011826544021024968
20021,0.04274367568063909
20023,0.06561491574040874
20025,0.0412324422292705
20027,0.035620203871263315
20029,0.04574822842851188
20031,0.028957083525611445
20033,0.016332982086406742
20035,0.03090099924426904
20037,0.04917162008347034
20039,0.0625
20041,0.03030919446704638
20043,0.043221510239979895
20045,0.034285563926920615
20047,0.041293213828425095
20049,0.011022044088176353
20051,0.06734196872904387
20053,0.0775888717156105
20055,0.10058242593061535
20057,0.12477849970466627
20059,0.03343384847342631
20061,0.022233791688359417
20063,0.09341272794938593
20065,0.04312977099236641
20067,0.0796277145811789
20069,0.05184694384628127
20071,0.05596107055961071
20073,0.02331643736422882
20075,0.03774289985052317
20077,0.0421315570358035
20079,0.039544930875576034
20081,0.052931402800854496
20083,0.056910569105691054
20085,0.037837043567702594
20087,0.027569185527490415
20089,0.013547574039067423
20091,0.04048670243627502
20093,0.06240963855421687
20095,0.031973816717019134
20097,0.037893141341417205
20099,0.030434782608695653
20101,0.03004043905257077
20103,0.042197755942280625
20105,0.011836115326251897
20107,0.02220403151539957
20109,0.07046367287331143
20111,0.05653255554602385
20113,0.03362454286875254
20115,0.026421960287951903
20117,0.0281444099378882
20119,0.05005464480874317
20121,0.024457029062169393
20123,0.021088540859047916
20125,0.02481999152901313
20127,0.02253147779986746
20129,0.032679738562091505
20131,0.07442988840368753
20133,0.03141582247949831
20135,0.06636304489264802
20137,0.17950079660116836
20139,0.021757473481195756
20141,0.012213740458015267
20143,0.027564834447887782
20145,0.07780725022104333
20147,0.057999640869096786
20149,0.027577592005380992
20151,0.04035596026490066
20153,0.061815336463223784
20155,0.05677717810331534
20157,0.03600556992241894
20159,0.027645283753528666
20161,0.041776808067245694
20163,0.0498567335243553
20165,0.04720121028744327
20167,0.05467397576457011
20169,0.031047424087342203
20171,0.05584068979675631
20173,0.04295475351792459
20175,0.10655666897028335
20177,0.03242801395210821
20179,0.10736677115987461
20181,0.05880409646514701
20183,0.02177766523170423
20185,0.03485254691689008
20187,0.05435759209344115
20189,0.06596592968466836
20191,0.024618414574101428
20193,0.07238364618153767
20195,0.05627275736511089
20197,0.03582089552238806
20199,0.08067664281067013
20201,0.03915917952195287
20203,0.042876284055381866
20205,0.02209602478058854
20207,0.014239098190447939
20209,0.06304812766549817
21001,0.032513749595600126
21003,0.03176458629802805
21005,0.017314814814814814
21007,0.013665787580915847
21009,0.039330900819788656
21011,0.017157903677907076
21013,0.03633389004396878
21015,0.02819875353335831
21017,0.021657063381680906
21019,0.020675824726762257
21021,0.02376700096167056
21023,0.012089810017271158
21025,0.0162807766731167
21027,0.017371601208459216
21029,0.02946700947153876
21031,0.03624943242016044
21033,0.0332010380094642
21035,0.03652599585787676
21037,0.02318988238942169
21039,0.029046436078731128
21041,0.0246355416128437
21043,0.019164513350559863
21045,0.023994138836314793
21047,0.031290876914001384
21049,0.019253677590935533
21051,0.03465582139921256
21053,0.031771405734838644
21055,0.02223885384368652
21057,0.02662253561663549
21059,0.027833453869201365
21061,0.021328757048296152
21063,0.06089078706528371
21065,0.024726739536123702
21067,0.047507469993416276
21069,0.016802721088435373
21071,0.02111858338574677
21073,0.022480043431926486
21075,0.03744082628030412
21077,0.019367028814359942
21079,0.02527581577257603
21081,0.01817102137767221
21083,0.0351233671988389
21085,0.02884912064177723
21087,0.034858576247729436
21089,0.02468972452300934
21091,0.026735513482501434
21093,0.03149781439789563
21095,0.024277872173572083
21097,0.018496074195078253
21099,0.033738191632928474
21101,0.036862491930277595
21103,0.02570888468809074
21105,0.02566158781074579
21107,0.030297264154932554
21109,0.04181924710707485
21111,0.04048155325060648
21113,0.028412419449326303
21115,0.024706815241433998
21117,0.02537615650602785
21119,0.027069876688197297
21121,0.031625766871165646
21123,0.031134751773049644
21125,0.03435205330432418
21127,0.0166992904330805
21129,0.06778135048231511
21131,0.014482817722169852
21133,0.01671343174332073
21135,0.029426398464709645
21137,0.018502411639123903
21139,0.022034596375617794
21141,0.03582787994004314
21143,0.01894163608381674
21145,0.028723067412511495
21147,0.016833926837164132
21149,0.03156384505021521
21151,0.03514557053096072
21153,0.023370050610300685
21155,0.036956740949884034
21157,0.02327998991935484
21159,0.024179620034542316
21161,0.015795454545454547
21163,0.019225342175814873
21165,0.016221952698605217
21167,0.023690830093757147
21169,0.030692779888921367
21171,0.05165055308771013
21173,0.027638862378316472
21175,0.01526610644257703
21177,0.03564716200977321
21179,0.03813831741366642
21181,0.020039237668161434
21183,0.03199367615243801
21185,0.03030968963418757
21187,0.013702286680309636
21189,0.028912633563796353
21191,0.014791336502905442
21193,0.026285325161729656
21195,0.021453141029509383
21197,0.023077501315492747
21199,0.019631076666880163
21201,0.02617801047120419
21203,0.026013592688071244
21205,0.024553571428571428
21207,0.02662654706483479
21209,0.030993678776876133
21211,0.044962352097526
21213,0.02759768202421252
21215,0.028929717118693497
21217,0.029129360288457643
21219,0.028215434083601287
21221,0.022931847406772395
21223,0.014656895403064623
21225,0.04009141364675155
21227,0.05627436119532265
21229,0.032340643399607474
21231,0.019082516417626344
21233,0.033005668364784385
21235,0.032411109334186256
21237,0.01883187772925764
21239,0.02183963016100749
23001,0.011047643536715277
23003,0.0011912096939823372
23005,0.011543838343900477
23007,0.005076472502440612
23009,0.0030718034045821067
23011,0.004726618238422623
23013,0.0040791402051783094
23015,0.003043404061664486
23017,0.00413743168927888
23019,0.003204126289465458
23021,0.0013656538067599864
23023,0.0032366897989412184
23025,0.006495114378773738
23027,0.004955553284969858
23029,0.004514129224472599
23031,0.008966836545543522
24001,0.022191104887644194
24003,0.02680116893334832
24005,0.03043126424493493
24009,0.015295664186087963
24011,0.024517287831162998
24013,0.016038675651919132
24015,0.016135856036679556
24017,0.025675722086753443
24019,0.027919948512059825
24021,0.02417292941814519
24023,0.010288201543230232
24025,0.019280190000608977
24027,0.024006230464022227
24029,0.018326146609172873
24031,0.029990203508253082
24033,0.042310065078135506
24035,0.019330219367753775
24037,0.016779714677693246
24039,0.020329938747134645
24041,0.019077349982656956
24043,0.020736237757514354
24045,0.029960313380354094
24047,0.02668233911254775
25001,0.01035247830695435
25003,0.008077398354380783
25005,0.029080888312530393
25007,0.0
25009,0.03892125405082722
25011,0.007619623970181688
25013,0.02769533231861999
25015,0.011914941777118281
25017,0.02551093835203154
25019,0.0
25021,0.020634315799774337
25023,0.025996644435888176
25025,0.04488529208792669
25027,0.025485559829915082
26001,0.009184845005740528
26003,0.0178295372565186
26005,0.0247525187312797
26007,0.011322508882026763
26009,0.011445335096273036
26011,0.014622899095928645
26013,0.03633295838020247
26015,0.024137412990134707
26017,0.027850368231574715
26019,0.013519603424966201
26021,0.02938654271581616
26023,0.035765224532134675
26025,0.035109613844744376
26027,0.03196443286127666
26029,0.013585619678334911
26031,0.012295081967213115
26033,0.013620016833728672
26035,0.01771439534437552
26037,0.0292474755025211
26039,0.01632568712543914
26041,0.05486950313351138
26043,0.05034079122833012
26045,0.020176718324203802
26047,0.021909978566325317
26049,0.02472361716819722
26051,0.01906458459672529
26053,0.039125709455379784
26055,0.015395709805178452
26057,0.026227678571428572
26059,0.022917416813165864
26061,0.03580338295364202
26063,0.014562529719448407
26065,0.024336602376654314
26067,0.024621036707727455
26069,0.01907459867799811
26071,0.052020243922674854
26073,0.026962511324254756
26075,0.021722502677068992
26077,0.029814015250908456
26079,0.014315281131424629
26081,0.040864114962414495
26083,0.019343229869545658
26085,0.011438474870017331
26087,0.017704350493552592
26089,0.012517510958470784
26091,0.017184862403329015
26093,0.020484666337552148
26095,0.021068249258160237
26097,0.019799319118437558
26099,0.033337108503098
26101,0.009673951988534575
26103,0.03253931648093318
26105,0.015342898331845952
26107,0.021838626489789282
26109,0.04395559546159497
26111,0.02624600449863857
26113,0.013476020610384463
26115,0.023330319080222192
26117,0.02082553350804942
26119,0.009059576563269325
26121,0.02990582990241794
26123,0.023535585967461952
26125,0.0294896859782356
26127,0.034227969140497666
26129,0.014362821333821243
26131,0.03511801957397812
26133,0.014709611970580776
26135,0.010992708917554684
26137,0.023013923013923014
26139,0.03785842209444811
26141,0.011984311446833236
26143,0.015090304182509506
26145,0.032090318166267534
26147,0.01782824900279159
26149,0.03292830718203853
26151,0.009938454524732163
26153,0.018067373819792516
26155,0.019230235975931008
26157,0.02177154786758127
26159,0.025658700980392156
26161,0.022167101455473348
26163,0.02693849192975543
26165,0.012088012975487346
27001,0.03211741586833702
27003,0.04965049003304839
27005,0.041604163477728454
27007,0.03472860569916822
27009,0.053036048334091715
27011,0.04513372956909361
27013,0.05107620894668235
27015,0.0326016662228478
27017,0.03341295569584257
27019,0.035456862831275
27021,0.032699986231584745
27023,0.05269404225017802
27025,0.04447948927438202
27027,0.06641766526603379
27029,0.0377007214335583
27031,0.008187569780424266
27033,0.04412896604806294
27035,0.039840447509773384
27037,0.04017336056047249
27039,0.033431172578478684
27041,0.04730451941787486
27043,0.02687667560321716
27045,0.023212015631621074
27047,0.0360701223357296
27049,0.029654106943609992
27051,0.03024823277987835
27053,0.04450116476497736
27055,0.025995292191177976
27057,0.039943585352339696
27059,0.0338463124790555
27061,0.03072484197079488
27063,0.03166915052160954
27065,0.026222710086595925
27067,0.06600847598077515
27069,0.029303234208812676
27071,0.01983922118150306
27073,0.033378561736770694
27075,0.021867881548974944
27077,0.018455560951918408
27079,0.03809828149410595
27081,0.04467584816929795
27083,0.0619980601357905
27085,0.03685648470563026
27087,0.03520331325301205
27089,0.0339901991450318
27091,0.040356819157563326
27093,0.03253410149961874
27095,0.04054819345339223
27097,0.04284817880299997
27099,0.0519126379367466
27101,0.050799086757990865
27103,0.03711630182218417
27105,0.1327659574468085
27107,0.03711279953243717
27109,0.03686715887642945
27111,0.03471228294045628
27113,0.02924434324747403
27115,0.03219993199591976
27117,0.05773840541948932
27119,0.05447704565574807
27121,0.033342296316214035
27123,0.042274001264765354
27125,0.035355948399426664
27127,0.03524585068689003
27129,0.03186683992327208
27131,0.044999843696270594
27133,0.054977864717389066
27135,0.045629980079681276
27137,0.028552153812575646
27139,0.04735013366821008
27141,0.04630437986825248
27143,0.03336374299491724
27145,0.06767660681344641
27147,0.03763484467515613
27149,0.037033268898158514
27151,0.03830030487804878
27153,0.05792252811479705
27155,0.02774000543921675
27157,0.032685952283942235
27159,0.03977396218213432
27161,0.05896843725943033
27163,0.0454018374810454
27165,0.061486666076016654
27167,0.04021164021164021
27169,0.04139208422694483
27171,0.04269268451992162
27173,0.0446685878962536
28001,0.03860526884709225
28003,0.036332086112466785
28005,0.0342128801431127
28007,0.04853244726375673
28009,0.05281773166705966
28011,0.06225004826654163
28013,0.045809682804674456
28015,0.061357210179076346
28017,0.05253150803998262
28019,0.029569292568623076
28021,0.0542486797887662
28023,0.04897369181844464
28025,0.03838125059303539
28027,0.05070391553013638
28029,0.0509209464909922
28031,0.054669366388463626
28033,0.056612163484138174
28035,0.0442164657604514
28037,0.03386167146974063
28039,0.05129226411754293
28041,0.039184074022150565
28043,0.057453620455243194
28045,0.02479740680713128
28047,0.034535539012368145
28049,0.03588498626707646
28051,0.059565174228134614
28053,0.05148031335842914
28055,0.06016713091922005
28057,0.057932263814616754
28059,0.04182451556716743
28061,0.04354920384853429
28063,0.03550784475639967
28065,0.0400812563481522
28067,0.047731893916121766
28069,0.034857968223399136
28071,0.0631333493146207
28073,0.0498106277975439
28075,0.03815178560314674
28077,0.04851447912749154
28079,0.05348158795924407
28081,0.05363378239594031
28083,0.056088431395484854
28085,0.04845275713838358
28087,0.03520359301211981
28089,0.04605621614691837
28091,0.03908063187841581
28093,0.05123466709518453
28095,0.04674040199936191
28097,0.05934744268077601
28099,0.06837776236250123
28101,0.04356753861262387
28103,0.0550636647272114
28105,0.04888256104927086
28107,0.05540361462768207
28109,0.023346645788982916
28111,0.04864033667853674
28113,0.03781016148089799
28115,0.05995975855130785
28117,0.05041040730989624
28119,0.052236218652490465
28121,0.03381754875633462
28123,0.04790008234971178
28125,0.057917316692667704
28127,0.04834524190394938
28129,0.0402676399026764
28131,0.03713496680180974
28133,0.0588370338788495
28135,0.06312887663680221
28137,0.05318172187301363
28139,0.05019618454877554
28141,0.050445859872611465
28143,0.05374244537424454
28145,0.053398411888977926
28147,0.045675848814862266
28149,0.03357808928535307
28151,0.05342443048930959
28153,0.052741119152357976
28155,0.03932143557560306
28157,0.03531489111241907
28159,0.05185825410544512
28161,0.047362514029180694
28163,0.04965753424657534
29001,0.034226771899663985
29003,0.03595959595959596
29005,0.025619557937039517
29007,0.03322195337404463
29009,0.03368774790656677
29011,0.04402762517658138
29013,0.023029178026567666
29015,0.03559615687509844
29017,0.05618340329350985
29019,0.054755656873735695
29021,0.0425991819360846
29023,0.04075609584709437
29025,0.03110452814219213
29027,0.05130628501991494
29029,0.04924286750766494
29031,0.053284458256966025
29033,0.03277674706246135
29035,0.03790701441762514
29037,0.029600849171857162
29039,0.02617021276595745
29041,0.022841998990408886
29043,0.04170934783179681
29045,0.03109521188772702
29047,0.016785560653857185
29049,0.03526567758449069
29051,0.0661133107957012
29053,0.05631899076368552
29055,0.039902577633448344
29057,0.03123399897593446
29059,0.030999055266887104
29061,0.034392166228803436
29063,0.03543152778866505
29065,0.024193030866970416
29067,0.025966490171901065
29069,0.04582544755049486
29071,0.03831293954243571
29073,0.02437137330754352
29075,0.04914303048688003
29077,0.04329524074467228
29079,0.03997676894782693
29081,0.033704115684093434
29083,0.036416670349582354
29085,0.034748626953950146
29087,0.0384
29089,0.038503200393894634
29091,0.03614277518645082
29093,0.016356028908330163
29095,0.02016870312899392
29097,0.0600461501917269
29099,0.03831793084988136
29101,0.039506637793051504
29103,0.02507232401157184
29105,0.043007753667652145
29107,0.036756821160490886
29109,0.04193882840850181
29111,0.03594803164989743
29113,0.03535882162635355
29115,0.019598765432098767
29117,0.045515574650913
29119,0.05651000385587593
29121,0.02882356675766618
29123,0.05654450261780105
29125,0.03215643671917436
29127,0.04918485769549599
29129,0.016010854816824967
29131,0.0505951196210342
29133,0.04405006010040303
29135,0.06661960079584109
29137,0.032314601818380986
29139,0.02163971909194839
29141,0.04420206659012629
29143,0.06062721512189883
29145,0.04511629516821265
29147,0.07452850639497073
29149,0.029725963771481654
29151,0.05606060606060606
29153,0.02652766308835673
29155,0.05057139805617857
29157,0.06640481801518722
29159,0.05849965588437715
29161,0.02951913110099599
29163,0.03622147758097974
29165,0.01483973751935739
29167,0.04018303096703509
29169,0.026630644538788113
29171,0.019131127939418093
29173,0.03352509422733584
29175,0.038546298086216894
29177,0.02334157482294766
29179,0.020506634499396863
29181,0.030233884768967486
29183,0.04431259174594637
29185,0.025359342915811087
29186,0.04613780996269475
29187,0.06390208650460508
29189,0.04152928277210901
29195,0.05722827247490925
29197,0.025380710659898477
29199,0.027607361963190184
29201,0.051096329145109635
29203,0.036923800564440265
29205,0.02471599631562788
29207,0.04111765874329604
29209,0.03069848371861795
29211,0.07032839290903807
29213,0.04749676480103526
29215,0.032732521847690384
29217,0.026047132907165347
29219,0.028902278290340803
29221,0.04610663903722005
29223,0.030620710460819066
29225,0.041975105554641665
29227,0.023299161230195712
29229,0.036886777344792614
30001,0.04898978926786878
30003,0.1265055619485999
30005,0.07027108889898531
30007,0.028152718858465098
30009,0.04770423375074538
30011,0.07980456026058631
30013,0.043821336357713375
30015,0.036230590754952705
30017,0.045297670405522
30019,0.04141291108404385
30021,0.05027555955460578
30023,0.06546006285900076
30025,0.05541740674955595
30027,0.0388668163758853
30029,0.056695428432003196
30031,0.06535845341448134
30033,0.041245791245791245
30035,0.08183955333529239
30037,0.02356902356902357
30039,0.033388429752066115
30041,0.06968999757810608
30043,0.027211479569516143
30045,0.018043684710351376
30047,0.028652403829537206
30049,0.029508876589092882
30051,0.020861074123391034
30053,0.029247267689465853
30055,0.04360135900339751
30057,0.04358099238645314
30059,0.05655095184770437
30061,0.006307617661329452
30063,0.03241058910850263
30065,0.03983274647887324
30067,0.029009919520868427
30069,0.00980392156862745
30071,0.05492923962580955
30073,0.038536903984323974
30075,0.043327556325823226
30077,0.05453782687735981
30081,0.019432244767769953
30083,0.05019305019305019
30085,0.10822923619719653
30087,0.08774373259052924
30089,0.013915800598907874
30091,0.05979030886936809
30093,0.03583617747440273
30095,0.03908250751586683
30097,0.05028233396074214
30099,0.021788250484183345
30101,0.10723050783462337
30103,0.03385731559854897
30105,0.06866537717601548
30107,0.04188235294117647
30109,0.061991869918699184
30111,0.06273730503428118
31001,0.03811329988988132
31003,0.03847283406754772
31005,0.03349282296650718
31007,0.01171875
31009,0.02079002079002079
31011,0.04444047831518829
31013,0.035270258354642446
31015,0.04624007473143391
31017,0.04082268619507635
31019,0.06297490961834044
31021,0.04334891627709307
31023,0.04885764499121265
31025,0.03517080745341615
31027,0.028810303920460963
31029,0.05985101464166453
31031,0.025064822817631807
31033,0.03477051460361613
31035,0.04405690683799908
31037,0.11045289508885917
31039,0.0498080204778157
31041,0.032208588957055216
31043,0.13744098431017215
31045,0.04232164449818621
31047,0.06905401612062398
31049,0.01354062186559679
31051,0.048340315823396714
31053,0.06471515546858013
31055,0.06246264891924405
31057,0.023464802795806292
31059,0.042725173210161664
31061,0.04362519201228879
31063,0.027007299270072994
31065,0.039640375970576215
31067,0.04479171200975058
31069,0.03272910372608258
31071,0.034912718204488775
31073,0.04707631318136769
31075,0.017741935483870968
31077,0.03631961259079903
31079,0.06418255144600324
31081,0.043078567610903264
31083,0.029959278650378125
31085,0.03235294117647059
31087,0.026648445507345405
31089,0.04397487150199886
31091,0.05790960451977401
31093,0.039294554455445545
31095,0.032984293193717276
31097,0.05077304829165871
31099,0.0586191267563076
31101,0.028391929443034918
31103,0.01985981308411215
31105,0.035365531802586433
31107,0.04140999315537303
31109,0.04563556281046396
31111,0.0492604078048245
31113,0.02925531914893617
31115,0.03333333333333333
31117,0.022813688212927757
31119,0.07187526528764254
31121,0.04226961157654227
31123,0.0457940251572327
31125,0.054339010543390104
31127,0.0347452934662237
31129,0.03412073490813648
31131,0.03752214629207796
31133,0.021307331166486095
31135,0.03534660260809883
31137,0.04737406216505895
31139,0.04654309295088621
31141,0.07926397735314933
31143,0.050316809541557955
31145,0.03892350763117493
31147,0.027800683237130405
31149,0.046966731898238745
31151,0.08718561191513279
31153,0.05919252413650679
31155,0.04854789770264413
31157,0.061993886416045474
31159,0.03942313375495005
31161,0.03840579710144928
31163,0.031894329896907214
31165,0.011691348402182385
31167,0.02476340694006309
31169,0.030556082748149554
31171,0.0391566265060241
31173,0.06675919500346982
31175,0.03205574912891986
31177,0.04416403785488959
31179,0.0639958376690947
31181,0.04197860962566845
31183,0.008849557522123894
31185,0.05891538898353208
32001,0.021173479521709768
32003,0.050319249066475114
32005,0.010350250786364023
32007,0.04271507432753737
32009,0.006038647342995169
32011,0.012259194395796848
32013,0.012339272328893501
32015,0.026210411357844923
32017,0.028343313373253493
32019,0.013837055750129184
32021,0.006637627048330222
32023,0.023463003264417845
32027,0.00662451068955134
32029,0.006665079742918353
32031,0.04441710008274849
32033,0.021254643004539827
32510,0.024980845642606418
33001,0.00682560577251231
33003,0.004933735188472813
33005,0.004365641634434956
33007,0.007060740472526477
33009,0.004575988458590686
33011,0.01678251382197541
33013,0.008584035298836742
33015,0.011935501044813864
33017,0.009735061507888618
33019,0.0039444583779839944
34001,0.02389907991435681
34003,0.03229228088322007
34005,0.023395621902808708
34007,0.028726878703850572
34009,0.01403242147922999
34011,0.028309505482719023
34013,0.038524805020647104
34015,0.024699762422942174
34017,0.04338808840583662
34019,0.015290846877673224
34021,0.030205206622491553
34023,0.03210855366128575
34025,0.02605916133925669
34027,0.02272150649789981
34029,0.032331611579156136
34031,0.04975620236695572
34033,0.02038655412055955
34035,0.023591785068931673
34037,0.01373732607142623
34039,0.04530510710425012
34041,0.018543918857947265
35001,0.025693782535376495
35003,0.0041413583655438985
35005,0.0485114239556889
35006,0.036322772420793153
35007,0.006667155102937944
35009,0.04974368710841086
35011,0.01195219123505976
35015,0.040784989326242464
35017,0.010107727091368533
35019,0.014795474325500435
35021,0.00583941605839416
35023,0.029464463468046983
35025,0.048169773186615764
35027,0.02489053873976775
35028,0.004710086080883547
35029,0.05860889395667047
35031,0.0739609650462256
35033,0.003979307600477517
35035,0.013647007738473707
35037,0.016697588126159554
35039,0.019179282480650345
35041,0.03730469744007329
35043,0.024114251276683478
35045,0.03491120106699113
35047,0.00988316804781959
35049,0.021942886876031246
35051,0.01599232368463138
35053,0.02214082659085939
35055,0.014347772883015173
35057,0.01046087632255365
35059,0.013045540796963948
35061,0.021772212729602735
36001,0.014944350924215928
36003,0.013018486250475676
36005,0.041933295413855036
36007,0.022048396005314306
36009,0.008372560557026577
36011,0.007864808979913351
36013,0.009138037079342765
36015,0.02648446541440399
36017,0.009825051940739014
36019,0.004566813686019541
36021,0.013925343811394892
36023,0.015567895002523978
36025,0.0058559029593223885
36027,0.020788173720194654
36029,0.01935735473120694
36031,0.005885950160525914
36033,0.003650410429744085
36035,0.007143366110873592
36037,0.010240101235472377
36039,0.011762112772011382
36041,0.005201040208041608
36043,0.007818681062968307
36045,0.002796472401681253
36047,0.03190297334336802
36049,0.009128538694655925
36051,0.0076449319769579605
36053,0.009991204441756912
36055,0.01425130603612199
36057,0.006475393504682208
36059,0.03970873388882227
36061,0.024705248683084834
36063,0.01257784052230248
36065,0.01523087263642474
36067,0.01687900881806302
36069,0.008996462691140017
36071,0.03990222876366695
36073,0.012035112035112035
36075,0.007976788918163157
36077,0.007381125859283429
36079,0.02165471331774775
36081,0.0361511188831346
36083,0.008348521002824594
36085,0.040861465376689374
36087,0.06437153344868292
36089,0.005090708790134864
36091,0.00765048052604957
36093,0.012196538506214426
36095,0.004423428920073216
36097,0.012217697149203998
36099,0.006070405355572576
36101,0.01443440098242506
36103,0.0351721009386132
36105,0.02542285875619209
36107,0.018571345403737557
36109,0.007901633913695841
36111,0.015150039498317263
36113,0.007596416049863654
36115,0.00633000642401642
36117,0.008284652150823154
36119,0.04625160307624625
36121,0.008302842668167746
36123,0.00825336650475852
37001,0.04066826411075612
37003,0.035249021605103736
37005,0.03214285714285714
37007,0.030794776964299192
37009,0.023635277425136287
37011,0.04043914818492773
37013,0.03254133316526964
37015,0.038886455443617074
37017,0.03484442372683837
37019,0.024525633921235166
37021,0.02062074378937989
37023,0.03552621495275944
37025,0.03422889266631471
37027,0.03701098687880478
37029,0.01628332994097293
37031,0.021874004520425344
37033,0.030542037254572916
37035,0.03620698432091224
37037,0.034441449535789155
37039,0.031500110140245244
37041,0.038358548667827015
37043,0.025252525252525252
37045,0.037964782800529465
37047,0.038547996206666435
37049,0.02655928886791154
37051,0.025877164130948913
37053,0.011669097728693479
37055,0.015606416615902301
37057,0.027587186502226368
37059,0.02367206937365637
37061,0.054522197942759684
37063,0.03877892441587248
37065,0.04165087614819627
37067,0.03109911395478854
37069,0.028685578642951473
37071,0.04322256315251163
37073,0.015424164524421594
37075,0.031023179583235777
37077,0.03902056673539284
37079,0.051874557887290736
37081,0.029187707043511705
37083,0.030904166591932274
37085,0.03027019407810697
37087,0.014894596022427103
37089,0.026736289448153854
37091,0.037665324899367456
37093,0.03887860354403597
37095,0.03186187255250979
37097,0.029074055236254514
37099,0.032809611829944546
37101,0.04003530748954076
37103,0.02147179387077884
37105,0.03890249710825339
37107,0.030205035301288454
37109,0.03828394031096734
37111,0.03506314478833156
37113,0.025105097992776364
37115,0.018979434941379974
37117,0.030194075587334016
37119,0.042608254229471426
37121,0.025573192239858905
37123,0.04580451985456619
37125,0.029315737802232927
37127,0.04146700491715995
37129,0.03103967855349071
37131,0.03135808162324187
37133,0.02420605294894619
37135,0.0268392921136705
37137,0.027450980392156862
37139,0.024244340150280864
37141,0.03162913291212838
37143,0.022274773056678618
37145,0.021423440065681445
37147,0.04332496492653031
37149,0.02147757780650293
37151,0.03264622862866228
37153,0.035142206811461636
37155,0.05059682745030199
37157,0.027232895895439257
37159,0.03505401989417385
37161,0.030198213372635126
37163,0.0500849028680033
37165,0.047915083070908894
37167,0.04420425755930642
37169,0.019248628113127903
37171,0.03189865895984983
37173,0.02412675549153763
37175,0.015199374511336981
37177,0.03122109158186864
37179,0.03520667019641508
37181,0.03236945286045268
37183,0.028293314994124772
37185,0.026785280248894074
37187,0.021495678316422396
37189,0.032635759409017015
37191,0.043379166979738024
37193,0.03305701284020753
37195,0.044576856434100795
37197,0.0325810635538262
37199,0.02293528001743299
38001,0.05612244897959184
38003,0.06725409099082899
38005,0.09741203838325095
38007,0.04302325581395349
38009,0.06756549716561973
38011,0.05526826115061409
38013,0.07202762703502713
38015,0.12454759150777955
38017,0.09301099202136767
38019,0.0685785536159601
38021,0.09042060403928108
38023,0.053079619429143715
38025,0.07327586206896551
38027,0.12715340442986053
38029,0.08916666666666667
38031,0.10334788937409024
38033,0.0852760736196319
38035,0.1023040930493439
38037,0.04725670804965959
38039,0.07538525614327364
38041,0.07624041952400161
38043,0.06328059950041633
38045,0.0718562874251497
38047,0.07357357357357357
38049,0.06922650913789921
38051,0.0764872521246459
38053,0.1267095073323447
38055,0.09630471859010802
38057,0.08634996993385448
38059,0.125
38061,0.11987250554323725
38063,0.09259832765562094
38065,0.06076093128904032
38067,0.06386047731445056
38069,0.07545412203074056
38071,0.08041988375119286
38073,0.06284298105859444
38075,0.06829470198675497
38077,0.05258744609487302
38079,0.0765499036883784
38081,0.054945054945054944
38085,0.09021842355175688
38087,0.026170798898071626
38089,0.12956543794386202
38091,0.046922300706357216
38093,0.09514351917529673
38095,0.07423392317652136
38097,0.07100085543199315
38099,0.10563255152807392
38101,0.10359270445708946
38103,0.06404285048905449
38105,0.12208376276585778
39001,0.018656197887715397
39003,0.03664482208943536
39005,0.014785977994663158
39007,0.015533075743160592
39009,0.025391347220510292
39011,0.040255319148936174
39013,0.018322452455293785
39015,0.016592625499777875
39017,0.034255599472990776
39019,0.012141318102534287
39021,0.018620638492544327
39023,0.0298870228144673
39025,0.02281318991501759
39027,0.020145755001624657
39029,0.02600580332372177
39031,0.018021172857797054
39033,0.021226098249070798
39035,0.022896544343325855
39037,0.03277767372167072
39039,0.02694534741974807
39041,0.025986582245646303
39043,0.022426498712293137
39045,0.029989020038429865
39047,0.02594721084689769
39049,0.037470467898691975
39051,0.023399384956877614
39053,0.016867008895832668
39055,0.016082592958209938
39057,0.026351588420320454
39059,0.01648257451446205
39061,0.03039326223951481
39063,0.02503572751812841
39065,0.020962613071532216
39067,0.009125810309018817
39069,0.02858422013293384
39071,0.018670820828846992
39073,0.016504329004329004
39075,0.029607350142162276
39077,0.018885010537407796
39079,0.02239777501627315
39081,0.011777088726424488
39083,0.014829916314552062
39085,0.021196695672076396
39087,0.024695438662763244
39089,0.026483360983702547
39091,0.020188655085577704
39093,0.015970191583621018
39095,0.02627480707119632
39097,0.030747858300532532
39099,0.023163329379753017
39101,0.06189148488869672
39103,0.02016825097244919
39105,0.012998522895125554
39107,0.06031194166787387
39109,0.033421088290520526
39111,0.017708759024656042
39113,0.031014578907003966
39115,0.010931875749900012
39117,0.019307873859015553
39119,0.02045794500057531
39121,0.032865130233192416
39123,0.022758176483217634
39125,0.02451776649746193
39127,0.016667128104321825
39129,0.06651207104208237
39131,0.020543890803997353
39133,0.01722447662658377
39135,0.028385098995965093
39137,0.05663661264551472
39139,0.019139057212560005
39141,0.026757224322419428
39143,0.020196948592530205
39145,0.019808112856944216
39147,0.022914279762524737
39149,0.030746999558463453
39151,0.0176226162124939
39153,0.019589921038218664
39155,0.0184556738412905
39157,0.025349818929864786
39159,0.029946270543615677
39161,0.023119015047879617
39163,0.01327433628318584
39165,0.031975711531812306
39167,0.01374416671993863
39169,0.023434332979705194
39171,0.021682679823422486
39173,0.029291729902727867
39175,0.02353095258884135
40001,0.04722074703487343
40003,0.030920590302178495
40005,0.04358303497659047
40007,0.025553356127406873
40009,0.05088053529111101
40011,0.023649190315856983
40013,0.05667003415596286
40015,0.04838548435469359
40017,0.049739349271975555
40019,0.025951126415798862
40021,0.03910137313942811
40023,0.03816295909713615
40025,0.021521906225980016
40027,0.04261047233684548
40029,0.03728813559322034
40031,0.029710048546917604
40033,0.023394567436018213
40035,0.05200497154444953
40037,0.029895811184350415
40039,0.054174492689573896
40041,0.03955375253549696
40043,0.03040034253907086
40045,0.02386811023622047
40047,0.05095329281491966
40049,0.044151065901958664
40051,0.04076357509381941
40053,0.03716659379099257
40055,0.03288612565445026
40057,0.03160040774719674
40059,0.03393157599551318
40061,0.04465344187149293
40063,0.03642313438144697
40065,0.05779519252505463
40067,0.019450447669033654
40069,0.03947975279033299
40071,0.027439543596730245
40073,0.048612981416644226
40075,0.027185278126306986
40077,0.025170377101317584
40079,0.04088434837488167
40081,0.032031319512412136
40083,0.02794033418831088
40085,0.04589989350372737
40087,0.05823884772192959
40089,0.05940974686538916
40091,0.033615107024568686
40093,0.04407824222936763
40095,0.03495108135942328
40097,0.030519859813084114
40099,0.03553719008264463
40101,0.04537114261884904
40103,0.029406631762652704
40105,0.03208108610749488
40107,0.06510724539773687
40109,0.04407567807667749
40111,0.038646863047041874
40113,0.03609048156108356
40115,0.046625427015049396
40117,0.027023802422000837
40119,0.04510537221407995
40121,0.03531412128874744
40123,0.038255445069446295
40125,0.04008880160525979
40127,0.03117037540343129
40129,0.03228547153780799
40131,0.03824337961513032
40133,0.04311063475050613
40135,0.03739179792819639
40137,0.02624460688976818
40139,0.10118076221560911
40141,0.02878138395590937
40143,0.04556072443887795
40145,0.032414113147051796
40147,0.0325625940621152
40149,0.023259762308998302
40151,0.04310246787217104
40153,0.0796111665004985
41001,0.01365752082312592
41003,0.0073730105278083016
41005,0.012204514019866717
41007,0.008068166688856343
41009,0.007197571322302419
41011,0.005334331570820271
41013,0.007615248628801958
41015,0.0037224738754092477
41017,0.010686886935280722
41019,0.005860450358812605
41021,0.010710259301014656
41023,0.009044812936823353
41025,0.009017758046614872
41027,0.014570552147239263
41029,0.014234805572190099
41031,0.03231124299373558
41033,0.004194994937075076
41035,0.007845468053491827
41037,0.008504513934318985
41039,0.009339416130740498
41041,0.011655311308222994
41043,0.009490873829730634
41045,0.06910530482977038
41047,0.023943040766177304
41049,0.051846032992930086
41051,0.017759427742616032
41053,0.011899758327203951
41055,0.012784880489160644
41057,0.004004711425206125
41059,0.05139778683750728
41061,0.02418695228821811
41063,0.009822064056939502
41065,0.016780684104627765
41067,0.01492015452144408
41069,0.0007072135785007072
41071,0.013808940909872634
42001,0.014760398929700803
42003,0.016528699349352572
42005,0.017887015828078754
42007,0.016411848610005213
42009,0.018920632404802473
42011,0.027905038557795508
42013,0.020218842903170577
42015,0.022285051701955303
42017,0.0209909431624985
42019,0.0160354791022712
42021,0.015413982343116202
42023,0.0030251465305350727
42025,0.013929246805959136
42027,0.034188147052609336
42029,0.019737394495999743
42031,0.01322183576309233
42033,0.01048816781068497
42035,0.010376871450696955
42037,0.01818507035535416
42039,0.012167123257284192
42041,0.015024424255049592
42043,0.02307845397639584
42045,0.0295887698454793
42047,0.011230126033751411
42049,0.012173130529845788
42051,0.009786851638630684
42053,0.003661016949152542
42055,0.021347402597402598
42057,0.010096313517103953
42059,0.01173744395748325
42061,0.029567053854276663
42063,0.02039723276054452
42065,0.009480329408680837
42067,0.017037953795379538
42069,0.020316583428661775
42071,0.02404735979948285
42073,0.017253688719657306
42075,0.03096091843191611
42077,0.025028614375747632
42079,0.02210907642320955
42081,0.011327831324283458
42083,0.006378791648759302
42085,0.016119382862728245
42087,0.019090947744376887
42089,0.015330508774621459
42091,0.0220307913766152
42093,0.020055740750860702
42095,0.023040952812341798
42097,0.020615824897980816
42099,0.010581667099454687
42101,0.03562768164306606
42103,0.012426166442541747
42105,0.005977456449960151
42107,0.01971800911499169
42109,0.017734438156831043
42111,0.011820750294568536
42113,0.00529595015576324
42115,0.011448156870059923
42117,0.01327181048425459
42119,0.022644200766693413
42121,0.010296148809844122
42123,0.0026390242742683244
42125,0.014781255502519857
42127,0.006643700787401575
42129,0.016942828094918774
42131,0.010977448882965665
42133,0.018936067723638508
44001,0.016797776069083812
44003,0.01977976802231684
44005,0.01084211911970609
44007,0.04360301934601743
44009,0.012419856264584804
45001,0.033716148056180645
45003,0.03612879660942233
45005,0.04160377358490566
45007,0.037969521356514276
45009,0.044766748289068875
45011,0.04014014446991652
45013,0.04209891052313947
45015,0.03874152114302208
45017,0.03495490751102626
45019,0.05274135623056089
45021,0.03330635734196565
45023,0.04181132527235724
45025,0.03611147742757923
45027,0.03757040822251902
45029,0.035644864059778354
45031,0.040756681303981156
45033,0.04522802068641279
45035,0.040592538516524466
45037,0.04040252328026434
45039,0.04060450053973262
45041,0.045226608882804664
45043,0.04274706758061086
45045,0.04681491875032118
45047,0.03979150051270366
45049,0.038468738300262074
45051,0.05206233789940446
45053,0.041799296364550174
45055,0.04500271100668715
45057,0.040012573509187827
45059,0.03219557328938428
45061,0.042103152724174225
45063,0.04052998355947157
45065,0.029756712222545313
45067,0.03708053198672969
45069,0.043463369524266195
45071,0.050529556007721604
45073,0.03856618147190859
45075,0.03849923001539969
45077,0.045388729400145635
45079,0.05024379004128937
45081,0.038861549388666226
45083,0.037985707513212646
45085,0.03615644867457337
45087,0.032166279190811616
45089,0.044309370295679835
45091,0.037248622682986406
46003,0.10680296087416284
46005,0.11512027491408934
46007,0.07865168539325842
46009,0.17176799440950385
46011,0.06691044393122915
46013,0.08087870946429554
46015,0.08956916099773243
46017,0.1634662727720335
46019,0.06182551689359556
46021,0.06418918918918919
46023,0.06953498478922207
46025,0.05132405132405132
46027,0.08197431086736903
46029,0.08290882244370616
46031,0.07666426339822158
46033,0.05365017148456639
46035,0.09797591596208045
46037,0.04809027777777778
46039,0.059079459583237924
46041,0.12314927712941996
46043,0.083984375
46045,0.0511252446183953
46047,0.04369932664559571
46049,0.11040339702760085
46051,0.06538252848616387
46053,0.08700778118368309
46055,0.061522419186652764
46057,0.05760683760683761
46059,0.07147058823529412
46061,0.054400455710623755
46063,0.05204163330664532
46065,0.07610022673100401
46067,0.05815049131780859
46069,0.06725543478260869
46071,0.06166495375128469
46073,0.10615608337372757
46075,0.04448742746615087
46077,0.0660784681809649
46079,0.061691973969631234
46081,0.06952027674738466
46083,0.10837414884721061
46085,0.09655707998964536
46087,0.0868732590529248
46089,0.042772277227722776
46091,0.026048565121412803
46093,0.05726662162699201
46095,0.0656687590535973
46097,0.07160292921074043
46099,0.09825478237552701
46101,0.05142248592727826
46103,0.07044875368320459
46105,0.03799596503026227
46107,0.09458864936207655
46109,0.0560078469838156
46111,0.08473188702415063
46115,0.06982693754702785
46117,0.057309540150995195
46119,0.05399568034557235
46121,0.07142139628327474
46123,0.07202072538860103
46125,0.08408124704770903
46127,0.07302668148971651
46129,0.06998900696225724
46135,0.05969883275416555
46137,0.05461876832844575
47001,0.032518168797411276
47003,0.05142731180425438
47005,0.04009419721031339
47007,0.08499275196459907
47009,0.03628020304568528
47011,0.045244737509510524
47013,0.03277656741709029
47015,0.0455135603000577
47017,0.050781518969909796
47019,0.038822792736380715
47021,0.034654837815359024
47023,0.05291851851851852
47025,0.020755538959422455
47027,0.05971823962099489
47029,0.040627424897461475
47031,0.04544512091681903
47033,0.07241355886149038
47035,0.04022136217311101
47037,0.06088210650226515
47039,0.06978716187568897
47041,0.052315156629047566
47043,0.0499267578125
47045,0.07455185991089007
47047,0.05277763233677156
47049,0.061309722686267956
47051,0.041731659907369635
47053,0.05439531807431755
47055,0.04311707530353479
47057,0.03590101080515859
47059,0.03765463728863187
47061,0.04937315114804902
47063,0.048904600361434326
47065,0.04366609908902313
47067,0.019472913616398243
47069,0.07633095843328201
47071,0.061597762829718086
47073,0.02876676763305928
47075,0.07843646179401993
47077,0.05974899634706499
47079,0.0384994759879169
47081,0.041459639977193125
47083,0.06447368421052632
47085,0.03253341923014978
47087,0.054802901844244384
47089,0.03814068986924301
47091,0.07251099885937755
47093,0.037584797636251506
47095,0.14402068519715577
47097,0.06826989243417479
47099,0.055087569008185795
47101,0.0555231346394331
47103,0.038959878473773565
47105,0.04284423525456494
47107,0.04102554420677025
47109,0.05062516728482392
47111,0.07366251456223676
47113,0.04752797846720499
47115,0.0345576896116641
47117,0.04957264957264957
47119,0.06225861647518944
47121,0.035621490235520914
47123,0.04055338239519105
47125,0.03428599061850186
47127,0.053659311001746306
47129,0.027625363805525074
47131,0.07078079383812659
47133,0.06556172811165695
47135,0.05514891468955073
47137,0.0687799043062201
47139,0.03641422695378659
47141,0.07537034473210577
47143,0.04535705273782488
47145,0.03709138936786881
47147,0.049388523047977424
47149,0.06083444647704704
47151,0.0341360975827711
47153,0.03310404127257094
47155,0.048006453885398086
47157,0.046391329074552845
47159,0.06629376424280091
47161,0.03797090637821708
47163,0.03417837274874895
47165,0.05174662994636904
47167,0.0521999003818695
47169,0.2368287740628166
47171,0.03758822563878098
47173,0.033709610604805304
47175,0.05171485006284791
47177,0.05119276929915543
47179,0.041710825754401534
47181,0.10031641861010196
47183,0.055939425346922325
47185,0.06102247583556539
47187,0.055435691209362224
47189,0.056674230377530416
48001,0.05223778378933671
48003,0.06025110472048818
48005,0.028384558986116123
48007,0.01545710034716482
48009,0.02156776877600175
48011,0.018621036738802214
48013,0.030622925992739584
48015,0.019486334491528458
48017,0.05956889018351296
48019,0.010084848484848485
48021,0.02867388344410143
48023,0.012844036697247707
48025,0.05895691609977324
48027,0.02471692531131492
48029,0.04192360563541696
48031,0.017140552530752168
48035,0.026090769568077175
48037,0.025066752109366656
48039,0.04328917022584664
48041,0.046652325894057545
48043,0.032137518684603884
48045,0.022031823745410038
48047,0.050924685071026536
48049,0.021106953941426913
48051,0.033486692679517795
48053,0.028622376663161263
48055,0.04695218076720967
48057,0.045036547983966044
48059,0.013207131851199648
48061,0.06235466711909063
48063,0.03418532879639155
48065,0.011727416798732172
48067,0.02260222068465619
48069,0.050611719253058594
48071,0.05281215537311604
48073,0.03365997450605481
48075,0.10531296471542517
48077,0.01667267483777938
48079,0.04569977784830213
48081,0.04165461382701764
48083,0.017401129943502826
48085,0.028223306080549432
48087,0.007163790296320417
48089,0.025577636208044117
48091,0.027683704448771305
48093,0.029089345847961596
48095,0.039672382902482727
48097,0.01614391143911439
48099,0.028903349435107188
48101,0.02770935960591133
48103,0.0230732635585157
48105,0.044893672880021
48107,0.02531847133757962
48109,0.056588520614389654
48111,0.06419488279454573
48113,0.04519222717900718
48115,0.07575110351701551
48117,0.06315624510264849
48119,0.008127077946065755
48121,0.02651400419105784
48123,0.05570632061972665
48125,0.025610244097639057
48127,0.03248236813350551
48129,0.02695489725113424
48131,0.04459958932238193
48133,0.016679140382764888
48135,0.06073210083038529
48137,0.039798488664987405
48139,0.038546121777142166
48141,0.09650736358920427
48143,0.03227798813072317
48145,0.04039036497997405
48147,0.026418209694539452
48149,0.033066132264529056
48151,0.033973412112259974
48153,0.026856714178544638
48155,0.018518518518518517
48157,0.03383465417867435
48159,0.021691378363536518
48161,0.024701397712833546
48163,0.06224164402976261
48165,0.047830584798880305
48167,0.046582038624988845
48169,0.027426160337552744
48171,0.017076948157808934
48173,0.013462976813762155
48175,0.023829315599889166
48177,0.05866145676785893
48179,0.04887585532746823
48181,0.028455251024801433
48183,0.02387732025981958
48185,0.04755619248755468
48187,0.0329197162845556
48189,0.09163718149153845
48191,0.01707175925925926
48193,0.030076081787922017
48195,0.03990567748957011
48197,0.017430754536771727
48199,0.02794123089448947
48201,0.04317287955383381
48203,0.018237823660373905
48205,0.034976152623211444
48207,0.016349742313843965
48209,0.04434209397620571
48211,0.059065934065934064
48213,0.01941905596594466
48215,0.0500954452869224
48217,0.02790528437080161
48219,0.049832586859155543
48221,0.026249289897941192
48223,0.021885521885521887
48225,0.019167020824479387
48227,0.03890140103542075
48229,0.03943077379187667
48231,0.028080685168718117
48233,0.025613372876786195
48235,0.009019843656043296
48237,0.021768103065304308
48239,0.050223526124615815
48241,0.014882623834662474
48243,0.011294526498696786
48245,0.036756279247445324
48247,0.03720038350910834
48249,0.04478295451806503
48251,0.028782862452072185
48253,0.07878303442074237
48255,0.06419297436235419
48257,0.039935581397646545
48259,0.013789114817971508
48263,0.024804177545691905
48265,0.01599415442071933
48267,0.010181975736568458
48271,0.023898646703138498
48273,0.035213922221524155
48275,0.03180696462846175
48277,0.04503857886237215
48279,0.059333475449442195
48281,0.016777864992150705
48283,0.05874190564292322
48285,0.06663201663201664
48287,0.015546218487394958
48289,0.024651217781981555
48291,0.03108937049583426
48293,0.030436092815015713
48295,0.031914893617021274
48297,0.034637643603696984
48299,0.012780056800252446
48303,0.0938200878949913
48305,0.04708445040214477
48307,0.028734932424205526
48309,0.05146627441310762
48311,0.02997601918465228
48313,0.05887096774193548
48315,0.01688275347448932
48317,0.029612270984235193
48319,0.023429710867397806
48321,0.0312625250501002
48323,0.0859952235241436
48325,0.0295894383059113
48327,0.04099099099099099
48329,0.04921603113422894
48331,0.023617351198759493
48333,0.022398414271555995
48335,0.026573869028788357
48337,0.021011985356802567
48339,0.03427176751050062
48341,0.07022972339428035
48343,0.01924839596700275
48345,0.015702479338842976
48347,0.029388526545724953
48349,0.03248501162363881
48351,0.013376062421624634
48353,0.03651796288985393
48355,0.0664249261348375
48357,0.053853853853853856
48359,0.014747859181731684
48361,0.028579645540496818
48363,0.028889440289248874
48365,0.02175191064079953
48367,0.026362269166200335
48369,0.06539809714571858
48371,0.037812754750109735
48373,0.02110393095601022
48375,0.08664001237714462
48377,0.027325208466966004
48379,0.011271133375078271
48381,0.06817070085181749
48383,0.038163201985727584
48385,0.040188383045525904
48387,0.01617557715674362
48389,0.02770521649647748
48391,0.043809269400293845
48393,0.022459893048128343
48395,0.027614250166899314
48397,0.030699468362347545
48399,0.030568921596377016
48401,0.021596934628633355
48403,0.010968407237273835
48405,0.027260489118240968
48407,0.009649529102979774
48409,0.02410244277518188
48411,0.043862520458265136
48413,0.02243689622935494
48415,0.07910956854766321
48417,0.014020115818348064
48419,0.022278827510169942
48421,0.028533510285335104
48423,0.025234015394731753
48425,0.025500910746812388
48427,0.06029566200823976
48429,0.022167233735436644
48431,0.022707423580786028
48433,0.016472203157172273
48435,0.03470919324577861
48437,0.026878980891719747
48439,0.04647219879104465
48441,0.022259868897995316
48443,0.00989010989010989
48445,0.0622568093385214
48447,0.012048192771084338
48449,0.05869154085328718
48451,0.06591530364813689
48453,0.0343933217465623
48455,0.014742353265362359
48457,0.013191131069323604
48459,0.014436736887910513
48461,0.010156971375807941
48463,0.03684445104739266
48465,0.05989540774636379
48467,0.016857110532865708
48469,0.0521875747122511
48471,0.060092058463101894
48473,0.02628354215119914
48475,0.02331046150954037
48477,0.024608300442530796
48479,0.07068504136762768
48481,0.03625254582484725
48483,0.03543764523625097
48485,0.04053214540054851
48487,0.03829479768786127
48489,0.05987857440793438
48491,0.027286778693722258
48493,0.025162825350284794
48495,0.02906056682491728
48497,0.020379930492290043
48499,0.018203542310936183
48501,0.06628982528263104
48503,0.04036946481934257
48505,0.029924296529067276
48507,0.044555292526208996
49001,0.0
49003,0.0
49005,0.0
49007,0.0
49009,0.0
49011,0.04212515652038169
49013,0.0
49015,0.0
49017,0.0
49019,0.0
49021,0.0
49023,0.0
49025,0.0
49027,0.0
49029,0.0
49031,0.0
49033,0.0
49035,0.06372539507591046
49037,0.06217931406967324
49039,0.0
49041,0.0
49043,0.05153115678279193
49045,0.03885208941398535
49047,0.0
49049,0.07653422225135584
49051,0.0730808965548219
49053,0.0
49055,0.0
49057,0.0
50001,0.003993781494585611
50003,0.004469542875495129
50005,0.002366712508395433
50007,0.0077956352129547185
50009,0.0038645849435770597
50011,0.0034815211569362613
50013,0.004333694474539545
50015,0.004158745247148289
50017,0.003604951707250714
50019,0.002638331706964473
50021,0.0029160952696205924
50023,0.00615886543711299
50025,0.003932785126921702
50027,0.0026355029996185456
51001,0.03456328818309201
51003,0.017689575162727664
51005,0.014358974358974359
51007,0.012704598597038192
51009,0.02069091796875
51011,0.02368421052631579
51013,0.02559223670440491
51015,0.011838345353109266
51017,0.008201892744479496
51019,0.022623176317368335
51021,0.015188774772168378
51023,0.018376261485163428
51025,0.02505312604854043
51027,0.013548120611317637
51029,0.04864543018755582
51031,0.01722208976028465
51033,0.017542613636363637
51035,0.025426831297633706
51036,0.016548140043763676
51037,0.020323912353127978
51041,0.026193102386846055
51043,0.010752688172043012
51045,0.013843491636223804
51047,0.038417714715683116
51049,0.013775766716943187
51051,0.012740029542097488
51053,0.02189674112046869
51057,0.019368723098995694
51059,0.02522829021419927
51061,0.01892668902731193
51063,0.018624172076857497
51065,0.017971261474108213
51067,0.023337008452774716
51069,0.0196265842673091
51071,0.011596686660954014
51073,0.010046165145315287
51075,0.017524183373054815
51077,0.028494824791121087
51079,0.018126560295234993
51081,0.07509172441907867
51083,0.020245028018899023
51085,0.020165131787869165
51087,0.024056220388150636
51089,0.028834234590302356
51091,0.005843071786310518
51093,0.026260977257374467
51095,0.016388140161725066
51097,0.014038103423578283
51099,0.014469729497638471
51101,0.015981448984707946
51103,0.018660907127429807
51105,0.02896632275647265
51107,0.02970092034783538
51109,0.01355293545642397
51111,0.012128146453089244
51113,0.012310397889646076
51115,0.016095477937150993
51117,0.028974039017560946
51119,0.013778629436992425
51121,0.0366748953525813
51125,0.00997067448680352
51127,0.01849595747037324
51131,0.025335775335775336
51133,0.019055056618508395
51135,0.027886710239651415
51137,0.014617162409580695
51139,0.021552077358026715
51141,0.021152829190904283
51143,0.023935539932064143
51145,0.013336652677999859
51147,0.036150913632180884
51149,0.03546351192590366
51153,0.04125103263114416
51155,0.012192712596313963
51157,0.009750812567713976
51159,0.04084703858970225
51161,0.022571582928146948
51163,0.009121286011017792
51165,0.025991432551049905
51167,0.023572693827496934
51169,0.026876419906554073
51171,0.028208440999138672
51173,0.025523038223203877
51175,0.051080023583641526
51177,0.022645890220572607
51179,0.022096218845752913
51181,0.020976087260523003
51183,0.05352917176662587
51185,0.01712094837273869
51187,0.01863586535119382
51191,0.02697004143595761
51193,0.021533405111350372
51195,0.024345190167195566
51197,0.016574585635359115
51199,0.011795605010412458
53001,0.0622452352098711
53003,0.023503978657835427
53005,0.038675327565908545
53007,0.02988977114783877
53009,0.004464409891240855
53011,0.014128346325857659
53013,0.00610798924993892
53015,0.010057737057844159
53017,0.03375148554073683
53019,0.00577958754761592
53021,0.07351139752876013
53023,0.02285970416853429
53025,0.04176643634124649
53027,0.011933762145887506
53029,0.006172228681691117
53031,0.003832822290361285
53033,0.018131817879473194
53035,0.008011383963564885
53037,0.02003227007571056
53039,0.01146117830667187
53041,0.012313348939941012
53043,0.01012586353742784
53045,0.010466975178796802
53047,0.028095911106779083
53049,0.008016032064128256
53051,0.01408127343690212
53053,0.01656356267175285
53055,0.003106771493786457
53057,0.013885015507610139
53059,0.007703462026463658
53061,0.01628382820476048
53063,0.027024383189931993
53065,0.009955879975052552
53067,0.009196185286103543
53069,0.0027247956403269754
53071,0.029481331305963844
53073,0.00956703421939199
53075,0.04604814123856759
53077,0.05196561822664174
54001,0.016193338649328346
54003,0.0218927169646751
54005,0.020200015874275737
54007,0.006435006435006435
54009,0.015881505862991155
54011,0.022618457982499587
54013,0.005841741901221455
54015,0.009520915628481718
54017,0.011225921673682868
54019,0.02046827310951273
54021,0.022121097206421438
54023,0.020089656317449776
54025,0.008963947508921797
54027,0.008793542905692439
54029,0.012291370164316211
54031,0.011239977090492554
54033,0.012579877926469325
54035,0.019197747098014972
54037,0.018469906139638535
54039,0.024180831456072086
54041,0.011552897020877317
54043,0.015601882985877606
54045,0.025090582177786255
54047,0.018392311052861512
54049,0.010580996043021249
54051,0.02393893492530221
54053,0.009463839934423787
54055,0.016907058935906008
54057,0.022239674436868598
54059,0.030760151956625972
54061,0.029812734082397003
54063,0.021288963162101285
54065,0.012221381598091137
54067,0.009826067314208268
54069,0.023175356501297376
54071,0.011091049780758318
54073,0.007452928870292887
54075,0.009211873080859774
54077,0.01082184156823944
54079,0.025019183753591377
54081,0.014151592054106087
54083,0.018951530438339356
54085,0.009110752586125082
54087,0.008914525432616675
54089,0.015890291684806268
54091,0.0131571113889385
54093,0.010831340554227036
54095,0.011593888828692165
54097,0.014868204283360791
54099,0.01897413045007857
54101,0.0049598986914309836
54103,0.01916552586155586
54105,0.011391094235415948
54107,0.01855887761356671
54109,0.021751764217517643
55001,0.04361519373926322
55003,0.032275677971243096
55005,0.05961376994122586
55007,0.03682514631419741
55009,0.08159105772278459
55011,0.04282825364726275
55013,0.03537559271275268
55015,0.07856826474868701
55017,0.05830340317930712
55019,0.05266046565370616
55021,0.05201212206638946
55023,0.0409339528318532
55025,0.046639615594323766
55027,0.07950459002479283
55029,0.05284006507745632
55031,0.03057871560453316
55033,0.04903773714129169
55035,0.06260228721748647
55037,0.06225764756570444
55039,0.07221748547124139
55041,0.07086044830079537
55043,0.060004325344553015
55045,0.0388900967496467
55047,0.0647891739380323
55049,0.041936156895472566
55051,0.056588520614389654
55053,0.0625765068794986
55055,0.05412923580838612
55057,0.05991329801030049
55059,0.0494345718901454
55061,0.07085516512041533
55063,0.05808525092758723
55065,0.05640500842764267
55067,0.07054388799138395
55069,0.054693299142992105
55071,0.05613217281522755
55073,0.06585557006904273
55075,0.06375854640816708
55077,0.06756405254259332
55078,0.11188496966973714
55079,0.062316872722075325
55081,0.04460716050491892
55083,0.07826749717469579
55085,0.053480891893365315
55087,0.07185345942359807
55089,0.049230275817831945
55091,0.048479213706999605
55093,0.043745577866152685
55095,0.03560043692458593
55097,0.060045236638832385
55099,0.04148666255228691
55101,0.06256676483801728
55103,0.04069131481076351
55105,0.0505029311940759
55107,0.042994810971089696
55109,0.04286755132998101
55111,0.04998607402067598
55113,0.03919491525423729
55115,0.08133051792450592
55117,0.06418162636910224
55119,0.04563130691607187
55121,0.06178090788647932
55123,0.028859690286250586
55125,0.04605862006189696
55127,0.052914431474107466
55129,0.029336889319917566
55131,0.05946490676405737
55133,0.052821033106338934
55135,0.06943684041609244
55137,0.06575046077410049
55139,0.07607463519081635
55141,0.04395197055747514
56001,0.07251691398032861
56003,0.031372884253718585
56005,0.04790446455024044
56007,0.029892161190641357
56009,0.03484525472322282
56011,0.03317187729340966
56013,0.06183812885694695
56015,0.031499728450616805
56017,0.017303228529225573
56019,0.022119706647740715
56021,0.03786233282247484
56023,0.02963813900057438
56025,0.04454876156850158
56027,0.026726973684210526
56029,0.037579549898673875
56031,0.030106530801296896
56033,0.045503082911370604
56035,0.030339408490668993
56037,0.026357030916084913
56039,0.05676190476190476
56041,0.03629937431341644
56043,0.02738899613899614
56045,0.047645897941922755
