1001,0.0006807480664863945
1003,0.00046699875466998757
1005,0.0003103234259706227
1007,0.0007544825137582106
1009,0.0005867531839988955
1011,0.0017143372733014527
1013,0.0019630374413482717
1015,0.0006549735458736667
1017,0.0013717421124828531
1019,0.0005859832799437456
1021,0.0008252905710552257
1023,0.0008414557183928196
1025,0.0006782471080296922
1027,0.0009243458475540387
1029,0.0007331866959941345
1031,0.00028499888036154144
1033,0.0006867883607446232
1035,0.0010468072379243307
1037,0.000264783759929391
1039,0.0008465160573514628
1041,0.0021414804768363194
1043,0.0003669096423854019
1045,0.0010799136069114472
1047,0.0006370296218774173
1049,0.0004807420394774051
1051,0.0007700561762292495
1053,0.0008046305188569055
1055,0.0005787695927739193
1057,0.0008466922555881689
1059,0.001039075537642873
1061,0.0002996030259905625
1063,0.0018442178346712954
1065,0.00175049597385926
1067,0.00034877637621345115
1069,0.00036685968112953123
1071,0.0004268507692593211
1073,0.0006874850870913863
1075,0.00047538200339558573
1077,0.0005541610978909281
1079,0.0010073391854943158
1081,0.000472541692717042
1083,0.0005147972828748289
1085,0.0023868312757201644
1087,0.0009002520705797623
1089,0.0003581716249153895
1091,0.001119194180190263
1093,0.0010471204188481676
1095,0.0005768895855102752
1097,0.0008183030320534111
1099,0.00042949791693510286
1101,0.0009723192853453253
1103,0.00034407808054783944
1105,0.0005553498704183636
1107,0.0009027081243731193
1109,0.0004374453193350831
1111,0.0008673403009670845
1113,5.737783303050588e-05
1115,0.0006720758590351434
1117,0.00038027567381723846
1119,0.0015301661323229379
1121,0.0004969877692522153
1123,0.0021035521346273365
1125,0.000780611303040692
1127,0.001391264021332715
1129,0.0006793093688083782
1131,0.0009757684176288828
1133,0.0008902197224133048
4001,0.002642654399530195
4003,0.0005856270392370117
4005,0.0011964692868591553
4007,0.0014568818991763015
4009,0.0008753453510955494
4011,0.0002437538086532602
4012,0.0008744231236337139
4013,0.0009749200657955532
4015,0.0012222611831888995
4017,0.0023590234908124623
4019,0.0006696725301327651
4021,0.0007005900785892051
4023,0.0014448019964536677
4025,0.00048722897888049774
4027,0.001868498648537964
5001,0.0010256936253141187
5003,0.0005794000980523243
5005,0.0004984334947308459
5007,0.0006165143647846995
5009,0.0010756157900397977
5011,0.0006712535660345696
5013,0.0
5015,0.000755232683593469
5017,0.00196319018404908
5019,0.000295882999408234
5021,0.0011034820990681706
5023,0.0006915895032082068
5025,0.0015912707433507615
5027,0.0008870967741935484
5029,0.00028208744710860365
5031,0.0007231794742799648
5033,0.0005548483958353732
5035,0.0010506810323418726
5037,0.0012890750886239124
5039,0.0007236762754794355
5041,0.0005891883929886581
5043,0.0003705468212376264
5045,0.00039805675927517484
5047,0.000326797385620915
5049,0.0009870856296783745
5051,0.0009319759939370352
5053,0.00027822603082744424
5055,0.00062236690923018
5057,0.0002585761075676607
5059,0.001251106160934973
5061,0.001053518752633797
5063,0.0018834478174163528
5065,0.00029416090601559053
5067,0.00033730604902181243
5069,0.0013035521796896544
5071,0.00043230497150717234
5073,0.00038471402923826624
5075,0.0015492311223318797
5077,0.0016722408026755853
5079,0.0012713660121486086
5081,0.002944062806673209
5083,0.0002631809807877884
5085,0.000567935554260264
5087,0.00037883571157974494
5089,0.0001777883133815337
5091,0.0005013216662109196
5093,0.0016050686378035902
5095,0.00047025628967787447
5097,0.0010617965597791463
5099,0.0015052144930652617
5101,0.0026041666666666665
5103,0.0004155490914585773
5105,0.0002849273435274005
5107,0.0007201692397713462
5109,8.930963650977941e-05
5111,0.0014737512945112723
5113,0.00028963120293492954
5115,0.0006362983749918424
5117,0.0005630630630630631
5119,0.0006155828166680087
5121,0.0015308075009567547
5123,0.0004295225141384494
5125,0.000457987000964696
5127,0.00017583963425356076
5129,0.00012161011796181443
5131,0.000900785995567814
5133,0.0009386366302944972
5135,0.0007325594500169052
5137,0.0017820980153908466
5139,0.0012774655084312723
5141,0.00017530532343832176
5143,0.0008247340729442509
5145,0.0005742251223491028
5147,0.0
5149,0.0014739380946000268
6001,0.00032522483655792654
6003,0.0
6005,0.0004139287007812904
6007,0.00025185858140654025
6009,0.00044894817855310417
6011,0.00027857739808710187
6013,0.00024134842222046273
6015,3.43500961802693e-05
6017,2.206750449625404e-05
6019,0.0004974613250855687
6021,0.00021097788248531946
6023,7.470882236483307e-05
6025,0.00206628598339907
6027,0.000875752599890531
6029,0.0005250141279843468
6031,0.0005717740769463321
6033,0.0002587085876032932
6035,2.8411512344802115e-05
6037,0.0007308853146001651
6039,0.0005062717746824143
6041,0.0005011384128512409
6043,0.00010906909527185472
6045,0.00024920706841866785
6047,0.000668332885141655
6049,0.0
6051,0.00014522218995062446
6053,0.0002642103114078807
6055,0.00012462703526945097
6057,9.051776159633102e-05
6059,0.0005019951511084355
6061,0.0001852328869413709
6063,0.0
6065,0.000640356437120167
6067,0.00036650070762828937
6069,0.0002685236569341759
6071,0.000537694963394628
6073,0.00029982114341293596
6075,0.00019172721641578258
6077,0.0007309376281146915
6079,0.00012221860093034281
6081,0.00023295768905972453
6083,0.00031238673000248
6085,0.00024962346123964693
6087,9.966802879639356e-05
6089,0.0001988236268743269
6091,0.0
6093,2.205412081247381e-05
6095,0.0001897911576539891
6097,0.0003116002542658075
6099,0.00079582769943983
6101,0.00012743047074939735
6103,0.0003016256032512065
6105,0.0
6107,0.0006882580876060777
6109,0.0001417861510376974
6111,0.00020967452905516025
6113,0.0003500717647117659
6115,0.00013767088398474605
8001,0.0006564726603154271
8003,0.0007034597429174394
8005,0.0007287562266308347
8007,0.0
8009,0.0
8011,0.0
8013,0.0003404403027916105
8014,0.000832941006047876
8015,0.0011359118532401887
8017,0.0
8019,0.00010957703265395574
8021,0.00012102142079148009
8023,0.0002894356005788712
8025,0.00016233766233766234
8027,0.0
8029,9.638244554391827e-05
8031,0.0007977283893047773
8033,0.0
8035,0.00029458426352159514
8037,0.000210727969348659
8039,0.00017174015714224378
8041,0.0003666232693344891
8043,4.1808641846269625e-05
8045,0.00012617614189408414
8047,0.0
8049,6.937218175511619e-05
8051,0.00045578851412944393
8053,0.0
8055,0.0005462242250443807
8057,0.0
8059,0.000711091358573373
8061,0.0
8063,0.0003615764734241292
8065,0.0
8067,5.849435529471406e-05
8069,0.0002115201246290004
8071,0.0
8073,0.0
8075,0.0008143322475570033
8077,0.00024220950430094878
8081,7.201497911565606e-05
8083,0.0001948709954010445
8085,0.000342197888150176
8087,0.0018005295675198587
8089,0.00031375830152172775
8091,0.0004399472063352398
8093,0.00017908309455587392
8095,0.00022079929344226098
8097,0.00012134449702705982
8099,0.0008411715225204558
8101,0.0004154627688705078
8103,0.0
8105,0.00033208800332088005
8107,0.00038649832517392423
8109,0.0003022061045633122
8111,0.0
8113,0.0
8115,0.00041425020712510354
8117,0.00014524855659246887
8119,0.00017544629150401334
8121,0.0006246096189881324
8123,0.0006896661696817968
8125,0.00010012014417300761
9001,0.00158786820802706
9003,0.001712889437330298
9005,0.0007808555052915975
9007,0.0011768852566744926
9009,0.0013472514684694668
9011,0.0005650747356908494
9013,0.00045116026651148496
9015,0.00020113810645234283
10001,0.0007661006731638702
10003,0.0006760525917196488
10005,0.0012790757646087988
11001,0.0010921926429241639
12001,0.000352330850818258
12003,0.001048571321574355
12005,0.0008594018563080096
12007,0.0005150568279366824
12009,0.0007485851922893895
12011,0.0008962545992012328
12013,0.001399384270920795
12015,0.0010906484684179364
12017,0.0010432821091216694
12019,0.000722535675198963
12021,0.0008285389785696996
12023,0.0012553278449232207
12027,0.0009318085556967386
12029,0.0006939187484229119
12031,0.000638985728167412
12033,0.000943934239247999
12035,0.0004344898003519367
12037,0.0003494365335895868
12039,0.0011845083232861645
12041,0.001110137306456325
12043,0.000575563229731952
12045,0.001122754491017964
12047,0.0007464205740652779
12049,0.0006284257933875641
12051,0.0011307100859339666
12053,0.0010860600991973608
12055,0.00129280538769129
12057,0.0007117507918843972
12059,0.0007071778552305905
12061,0.0009269599363536169
12063,0.001744266714237577
12065,0.0007550277987507721
12067,0.0022209234365867915
12069,0.0008045185469666671
12071,0.0008952107874551569
12073,0.00046621415749228175
12075,0.0002978258711406731
12077,0.0015828564470960673
12079,0.0012907222881924725
12081,0.0011119956139671605
12083,0.0011026159867201415
12085,0.0011743575573362806
12086,0.0014747057546525397
12087,0.00033469442399089634
12089,0.0007248599068833812
12091,0.000756717912982884
12093,0.0010595308495958999
12095,0.0005386883473862021
12097,0.0008579072331362906
12099,0.0012378243202427262
12101,0.0005552875596290936
12103,0.0009194062463707648
12105,0.0010919716491805157
12107,0.0007338323393240737
12109,0.00048019596311663364
12111,0.0012914319027957657
12113,0.0006132622916227052
12115,0.0009440256099908499
12117,0.0006040635711764553
12119,0.0010627500149262643
12121,0.0019986350784829874
12123,0.000909876711705564
12125,0.003466998102963302
12127,0.0006830274644746065
12129,0.00038739669421487604
12131,0.0006225167987989088
12133,0.000987004441519987
13001,0.0021274274492690376
13003,0.0009551098376313276
13005,0.0019185090443997808
13007,0.0016277807921866521
13009,0.0014776109814334968
13011,0.0005662514156285391
13013,0.0008120296390818264
13015,0.0010427955098452164
13017,0.002128136200716846
13019,0.001473075454198265
13021,0.001426823004191689
13023,0.0022271714922048997
13025,0.0008727018850360717
13027,0.0017538554581191413
13029,0.0005875057118610875
13031,0.0007354213531752899
13033,0.0005978562582739036
13035,0.001917465610671113
13037,0.0015379883112888342
13039,0.00040394247859104864
13043,0.002671826054910632
13045,0.0008014604390222183
13047,0.0004063579388275011
13049,0.0013778849466069584
13051,0.0007752086731267389
13053,0.00015369246138476907
13055,0.0012003450992160245
13057,0.0005355323333570295
13059,0.000437051700645294
13061,0.0009322560596643878
13063,0.0007120393995134397
13065,0.0018552875695732839
13067,0.0007072206514145128
13069,0.0016939043301920553
13071,0.0010052008216424107
13073,0.0006195366205550369
13075,0.0009956076134699854
13077,0.0005447583035585535
13079,0.0004700720777185835
13081,0.0013418751623236083
13083,0.00036135870874488076
13085,0.000496233139351288
13087,0.0015382463991050204
13089,0.0006095327606581849
13091,0.0020412038355644164
13093,0.0014090774250964107
13095,0.0020950879522071025
13097,0.0006486286137879911
13099,0.0031071983428275505
13101,0.000481000481000481
13103,0.0005758488972493617
13105,0.0008701957940536621
13107,0.0020036588553009843
13109,0.001053001053001053
13111,0.0015375416417527975
13113,0.0005763474445497983
13115,0.0007094386181369525
13117,0.0003371005801678406
13119,0.000899685110211426
13121,0.0006989260077903924
13123,0.0010078543129213875
13125,0.0006770480704129993
13127,0.001482276572363209
13129,0.0010681399631675874
13131,0.0011466529595508283
13133,0.0017440049828713797
13135,0.0006200800717539121
13137,0.0018109632931670961
13139,0.001069165059244971
13141,0.004694835680751174
13143,0.0006870019236053861
13145,0.0008407437348423606
13147,0.0009987615356957373
13149,0.0005928184281842818
13151,0.0006669008455895454
13153,0.0007345401124355459
13155,0.0011011011011011012
13157,0.000826637569024237
13159,0.0004299226139294927
13161,0.002151433132070234
13163,0.0022991216176383895
13165,0.0038524398785897735
13167,0.0029777184515864053
13169,0.0005987180390223287
13171,0.0013938447814451382
13173,0.0010915838882218098
13175,0.002237549780350618
13177,0.0010627334793250032
13179,0.0004431361377520337
13181,0.0012283503255128363
13183,0.0003808363165511463
13185,0.0011258536948471258
13187,0.0006986411429769099
13189,0.0008603124292506226
13191,0.0006154793045083859
13193,0.0009800490024501226
13195,0.0005994569625163088
13197,0.0012490632025980515
13199,0.0008343579834884946
13201,0.0004807692307692308
13205,0.0019984179191473417
13207,0.0023102691463555503
13209,0.0010905125408942203
13211,0.0003830998248686515
13213,0.00039311073437999064
13215,0.0009727373453113539
13217,0.0010556446537688545
13219,0.0010425610204832577
13221,0.0009565455042361301
13223,0.0005289178487735718
13225,0.0009900264007040188
13227,0.0004969191015702643
13229,0.0015072401356516123
13231,0.0009034953978203173
13233,0.0007366044909112511
13235,0.0021695895859699874
13237,0.0013332698442931289
13239,0.00038182512409316535
13241,0.0006617337424051013
13243,0.003945291951604419
13245,0.0010474360051186023
13247,0.0005554373773901534
13249,0.0004311273981461522
13251,0.0007966011683483802
13253,0.0013281682346430548
13255,0.0011462738355251948
13257,0.001796842145505983
13259,0.003130755064456722
13261,0.002145339175101979
13263,0.0011794191360754828
13265,0.0
13267,0.0009277186189093256
13269,0.0014582164890633764
13271,0.0018602179112410311
13273,0.003302972675407867
13275,0.0017070448427549078
13277,0.0017762842054728756
13279,0.0022273315131484408
13281,0.0020417633410672853
13283,0.001999428734647244
13285,0.0017512606056946164
13287,0.0027978047993113095
13289,0.001327885597548519
13291,0.0014986886474334957
13293,0.002774774774774775
13295,0.0007401486218432662
13297,0.000925387654379575
13299,0.002079798587926222
13301,0.0013445378151260505
13303,0.0010367577756833176
13305,0.0014341460160757762
13307,0.0007877116975187081
13309,0.0024896265560165973
13311,0.0009876918401458745
13313,0.000717512354350045
13315,0.0030678207516160842
13317,0.0006601905121192116
13319,0.0018083182640144665
13321,0.0016477480776272428
15001,0.0001708083089977409
15003,0.00018360346745230555
15007,0.0
15009,0.00011272237804433304
16001,0.0005382061691882143
16003,0.0005254860746190226
16005,0.0002653927813163482
16007,0.00016630633627141194
16009,0.00031887755102040814
16011,0.0005958817947076868
16013,0.0003195179842979733
16015,0.00027177605652941976
16017,4.818232190609266e-05
16019,0.00043227524143554677
16021,9.067827348567283e-05
16023,0.0
16025,0.0
16027,0.0007054350811250343
16029,0.0007110352673492605
16031,0.0006251674555684558
16033,0.0
16035,0.0
16037,0.00023185717597959656
16039,0.00014111338460452973
16041,0.00031441597233139445
16043,0.000534841075794621
16045,0.00035731300619342544
16047,0.0005951593704536437
16049,0.00024968789013732833
16051,0.0002008435428800964
16053,0.0004632417658776115
16055,0.00044901181190750355
16057,2.6346989856408904e-05
16059,0.000625156289072268
16061,0.0007915567282321899
16063,0.0014155712841253793
16065,0.00018467220683287164
16067,0.0006080875646093037
16069,0.0006821454738384578
16071,0.0
16073,0.0004372922861640721
16075,0.0005670170541283203
16077,0.00025403277022735933
16079,0.0016183723797780518
16081,0.00021188685242080728
16083,0.000880848770098471
16085,0.00010630381630700542
16087,0.0008771929824561404
17001,0.0005732427903695211
17003,0.0002388630120625821
17005,0.0005480052608505041
17007,0.0005359849184933279
17009,0.00043674479545785413
17011,0.0007339242364365156
17013,0.0
17015,0.001449001449001449
17017,0.000940801852655956
17019,0.00020034961006957141
17021,0.0009373136024086119
17023,0.0011301451344277896
17025,0.001144082946013586
17027,0.001384083044982699
17029,0.0010031953630080998
17031,0.0011336541710314047
17033,0.0004003002251688767
17035,0.0006309716964124752
17037,0.0004137671619334211
17039,0.0005995563283170454
17041,0.0005496427322240543
17043,0.0007525492069905836
17045,0.0007915149596327371
17047,0.0004460966542750929
17049,0.00025850926324859976
17051,0.001186618593400575
17053,0.001474615546661049
17055,0.00039959041981968484
17057,0.00018648763853367433
17059,0.000513347022587269
17061,0.0014246028919438706
17063,0.00020393596410727031
17065,0.0003550716061072316
17067,0.0003124349093938763
17069,0.0
17071,0.0
17073,0.00023632281696797826
17075,0.0007583500939694681
17077,0.0004975867044832562
17079,0.0010183299389002036
17081,0.0013980776432405443
17083,0.0009978740943207948
17085,0.0005271018185012738
17087,0.00015015015015015014
17089,0.0007958894649984199
17091,0.0007713546916772581
17093,0.00032069723351474736
17095,0.0008441193021947102
17097,0.0008012416443943902
17099,0.000870640268853715
17101,0.00047200424803823236
17103,0.00038823105293807716
17105,0.00038410324695278093
17107,0.0001961489424302854
17109,0.0009018216797931823
17111,0.00041183030057276093
17113,0.0002718547586402534
17115,0.0008432837829351658
17117,0.0003285555874984599
17119,0.000675891607556762
17121,0.0008734278299061689
17123,0.00038663779771110426
17125,0.0009271523178807947
17127,0.0001291072235491576
17129,7.827175954915466e-05
17131,0.00041938769396680846
17133,0.0012966648573668658
17135,0.0006248766690784714
17137,0.0008062049984709905
17139,0.0006072874493927126
17141,0.0002545130619739306
17143,0.0005802594664806997
17145,0.0007019699030404072
17147,0.00029636654614427125
17149,0.001017293997965412
17151,0.00023062730627306272
17153,0.00031289111389236547
17155,0.0
17157,0.0006235894999406105
17159,0.001174797502009522
17161,0.0007363523780834756
17163,0.0009081675773054482
17165,0.0006976203395085652
17167,0.0003873492733428242
17169,0.00013622122326658494
17171,0.0
17173,0.0010244988864142538
17175,0.0004895561357702349
17177,0.0003750234389649353
17179,0.0005253383252806121
17181,0.0014270032930845224
17183,0.0003513746016744817
17185,0.0004894363324904152
17187,0.0006703536115300822
17189,0.00013380611493945274
17191,0.0016578838297116466
17193,0.0005352960856473737
17195,0.0012230468946336723
17197,0.000745583007752302
17199,0.0010709868163031346
17201,0.0007597264984605541
17203,0.0005912748399701792
18001,0.0004322891149600853
18003,0.0007497866745002588
18005,0.0007931451455616378
18007,0.00011205737337516809
18009,0.0007569449701006737
18011,0.0009440684004275026
18013,0.00019718680163007755
18015,0.0006398267546018309
18017,0.0006797754223419522
18019,0.0006762684603012136
18021,0.0007720588235294117
18023,0.0005560107690506848
18025,9.157509157509158e-05
18027,0.0013374092472296522
18029,0.0005533815565832642
18031,0.0015893937044503023
18033,0.00039867732933092565
18035,0.000819159896633844
18037,0.000687350382783058
18039,0.0009314372525091525
18041,0.0010944023347249808
18043,0.0010140634590238304
18045,0.0004591895304787051
18047,0.0010666894227076844
18049,0.0006711087675566847
18051,0.0005344259374721653
18053,0.00065055367774965
18055,0.0014948129988938384
18057,0.0005623036071960161
18059,0.000696267714936393
18061,0.0006192269982971258
18063,0.0010573805160016918
18065,0.0006907620730988806
18067,0.0008520105081296003
18069,0.0001837897445322551
18071,0.0006758803924767521
18073,0.0002099265257159994
18075,0.00041685965724872626
18077,0.000363295086433956
18079,0.0004525674499564839
18081,0.0011428489796501454
18083,0.0003350860913496237
18085,0.0004877172266858331
18087,0.0006122883611968907
18089,0.0008239500123692254
18091,0.0007289018471439492
18093,0.0009202979196986559
18095,0.0008473495954468082
18097,0.0009094616053599667
18099,0.0007150067294751009
18101,0.00019310611180843875
18103,0.00026829071982400126
18105,0.000311177956746264
18107,0.0006223582190182299
18109,0.0005947997507505806
18111,0.0008375793955468695
18113,0.0008683247534577932
18115,0.0011492365785585289
18117,0.0014005602240896359
18119,8.963384574015148e-05
18121,0.000343210159020707
18123,0.0010309278350515464
18125,0.001399036219493238
18127,0.0004067557886812613
18129,0.0004909365558912387
18131,0.000725689404934688
18133,0.0006306164275579379
18135,0.0004915863112119494
18137,0.00042058040095331557
18139,0.00033942411042597724
18141,0.0007274956424118881
18143,0.0007000782440390397
18145,0.001091703056768559
18147,0.0003352972170330986
18149,0.0006739395981635146
18151,0.0003489589391648249
18153,0.0006904170118751726
18155,9.731413001167769e-05
18157,0.00013509703491377284
18159,0.0015392193079669992
18161,0.00013493455673998112
18163,0.000555975626028555
18165,0.00012116071969467499
18167,0.0006094689309360889
18169,0.0005081300813008131
18171,0.00011531365313653136
18173,0.0011639676113360325
18175,0.00017572221831728405
18177,0.000646607466160876
18179,0.000711591830925781
18181,0.0007718557036074099
18183,0.0002394707695991858
19001,0.0006464124111182935
19003,0.00024319066147859923
19005,0.0006165650476125231
19007,0.0002284669865204478
19009,0.0001606941989394183
19011,0.0004110766471093838
19013,0.0008991914896859688
19015,0.0003749531308586427
19017,0.000494661775011336
19019,0.00032928779753504565
19021,0.0006428006329113924
19023,0.0002006554745501973
19025,0.0006019261637239165
19027,0.0006631613850599213
19029,0.0011331444759206798
19031,0.0007017543859649122
19033,0.0007379248658318426
19035,0.00033170246289078697
19037,8.007046200656577e-05
19039,0.00042923060414207535
19041,0.000236280938035324
19043,0.00022008253094910591
19045,0.0007016559079427449
19047,0.0008799718409010912
19049,0.0008629230720061363
19051,0.0004553734061930783
19053,0.0
19055,0.0011188185276348177
19057,0.0003403096818104475
19059,0.0005326074091608474
19061,0.000890906391192754
19063,0.002097635392829901
19065,0.00038091610322826396
19067,0.0007280228113814232
19069,0.001759096379964818
19071,0.0002638870563398865
19073,0.0
19075,0.0005600448035842868
19077,0.0013437248051599033
19079,0.0003784295175023652
19081,0.0005210594876248371
19083,0.0005061582588155897
19085,0.0016230604427708887
19087,0.00034276760356478307
19089,0.0009303287161463717
19091,0.0003036437246963563
19093,0.0008405715886803026
19095,0.0006729475100942127
19097,0.0002973682906279427
19099,0.0009653544996245844
19101,6.0905049028564466e-05
19103,0.00026854494675137343
19105,0.0003842828321644731
19107,0.00018561484918793505
19109,0.00019036740909956216
19111,0.00038492205328420994
19113,0.0007098541959481522
19115,0.0013675213675213675
19117,0.0006455083378160301
19119,0.0006894768594329053
19121,0.00025469595670168737
19123,0.0011514104778353484
19125,0.0005076293708381857
19127,0.0009632721614345345
19129,0.00026164311878597594
19131,0.00036533016713855145
19133,0.00021454623471358077
19135,0.0015168752370117557
19137,0.0008165487207403375
19139,0.0014102415905675645
19141,0.0016608996539792388
19143,0.0
19145,0.00018650917003419334
19147,0.00031387319522912746
19149,0.001357177071690883
19151,0.00026465528648934763
19153,0.0007165356895260163
19155,0.0006034092623321768
19157,0.0005780650585947764
19159,0.00038654812524159255
19161,0.0005720278386881494
19163,0.0003600381640453888
19165,0.00024232633279483036
19167,0.0006587812546788441
19169,0.00021466500960343464
19171,0.0021682326124423195
19173,0.0003089757454039858
19175,0.0004801920768307323
19177,0.000517263675158412
19179,0.0019111455794371816
19181,0.00019604853290347877
19183,0.0005514959327174962
19185,0.0009282178217821782
19187,0.0006438984185854839
19189,0.0019061450485613144
19191,0.00042386850656996186
19193,0.001043014698781218
19195,0.0
19197,0.000224938142010947
20001,7.356186552890981e-05
20003,0.0
20005,0.0005308481774212575
20007,0.0
20009,0.00042716787697565144
20011,0.00019683747785578375
20013,0.0005905511811023622
20015,7.648183556405354e-05
20017,0.0010423905489923557
20019,0.0
20021,0.00036729259446306413
20023,0.0028684116170670493
20025,0.0018124150430448573
20027,0.0009162753407398924
20029,0.00041684035014589413
20031,0.0010383017997231195
20033,0.0
20035,0.00027990035547345143
20037,0.00035411660553939545
20039,0.0003324468085106383
20041,0.0002542717656631408
20043,0.00025128785023244125
20045,0.00017541859261663143
20047,0.0
20049,0.0
20051,0.0007058906575371475
20053,0.0004636785162287481
20055,0.0005824259306153457
20057,0.00038393384524512697
20059,0.0004900113079532605
20061,0.00015312528710991334
20063,0.0070710829921845925
20065,0.0007633587786259542
20067,0.0012926577042399173
20069,0.0006625807520291535
20071,0.0
20073,0.0
20075,0.0
20077,0.0006661115736885929
20079,0.0002304147465437788
20081,0.00023736055067647758
20083,0.0
20085,0.00029387995004040847
20087,0.0003150764060284619
20089,0.000315059861373661
20091,0.00045679005523844256
20093,0.0019277108433734939
20095,0.00037764350453172205
20097,0.0
20099,0.0002717391304347826
20101,0.0
20103,0.0003420017626244689
20105,0.00030349013657056146
20107,0.00010232272587741738
20109,0.0
20111,0.0011723999885619512
20113,0.00027089259108763376
20115,7.910766553279013e-05
20117,0.0
20119,0.0004371584699453552
20121,6.223162611239032e-05
20123,0.0
20125,0.00016941973739940702
20127,0.0001656726308813784
20129,0.0009337068160597573
20131,0.00048520135856380397
20133,0.0
20135,0.0032530904359141183
20137,0.0037174721189591076
20139,0.0003616200578592093
20141,0.0
20143,0.0
20145,0.00014736221632773356
20147,0.001616089064463997
20149,0.0
20151,0.00010347682119205298
20153,0.0
20155,0.0005088666152659985
20157,0.00019892580067634773
20159,9.734254842791784e-05
20161,0.00019580693436271836
20163,0.0013371537726838587
20165,0.0
20167,0.001154068090017311
20169,0.00030526674926825763
20171,0.00020529665366454526
20173,0.0002829294515412582
20175,0.0005615065653075328
20177,0.000531882134918902
20179,0.0
20181,0.0011562603237528907
20183,0.0
20185,0.00022341376228775692
20187,0.0008984725965858042
20189,0.0003624501631025734
20191,0.00016412276382734285
20193,0.00025713551041398817
20195,0.0009930486593843098
20197,0.00014214641080312722
20199,0.0
20201,0.0008476012883539584
20203,0.00044662795891022776
20205,0.00041300980898296334
20207,0.0
20209,0.001056707880383199
21001,0.001240159603148927
21003,0.0006098800569221387
21005,4.6296296296296294e-05
21007,0.00011987532965715655
21009,0.000521252902430934
21011,8.494011721736176e-05
21013,0.0006135178431439381
21015,0.00021285291012498723
21017,4.967216371945162e-05
21019,0.00046124536247869245
21021,0.0
21023,0.0003454231433506045
21025,0.0001334489891239074
21027,0.00015105740181268882
21029,0.00027975008991967175
21031,0.0012108369910700772
21033,0.0
21035,0.00026896904166330457
21037,0.000166116636027376
21039,0.00019109497420217848
21041,0.0005536076766931168
21043,0.0001435544071202986
21045,0.0009768606142011112
21047,0.0004360204160147734
21049,0.0003324375986924121
21051,0.00030285986241509105
21053,0.0003996403237086622
21055,0.00010691756655618518
21057,0.0
21059,0.00036160760409133176
21061,0.000980632507967639
21063,0.0
21065,0.0
21067,0.0003342505528639195
21069,0.0
21071,9.676326866321545e-05
21073,0.00028150322723342647
21075,0.00043035432506096684
21077,0.000944733112895607
21079,0.00023349483392679936
21081,0.00023752969121140142
21083,0.0008708272859216256
21085,0.0006942301758716445
21087,0.0007784793702966872
21089,0.000317552726984043
21091,0.0006884681583476765
21093,0.00023209933851688522
21095,0.0004901320088877271
21097,5.269536807714602e-05
21099,0.00016194331983805668
21101,0.000688616311598881
21103,0.0001890359168241966
21105,0.00020048115477145148
21107,0.0009302718931033025
21109,0.0012450563937307748
21111,0.0005478359800772123
21113,0.0005230563227048288
21115,8.346897041025e-05
21117,0.0003239774461854771
21119,0.0005284791544333529
21121,0.00030674846625766873
21123,7.092198581560284e-05
21125,0.0001869730758770737
21127,6.116956202593589e-05
21129,0.0014147909967845659
21131,8.56971462850287e-05
21133,8.133056809401814e-05
21135,0.0012794086289004193
21137,0.000790701352099312
21139,0.00020593080724876442
21141,0.0012064490183892078
21143,0.0005919261276192731
21145,0.00018093270811030864
21147,5.395489370885939e-05
21149,0.0010248001639680262
21151,0.00016787375893328218
21153,7.442691277165823e-05
21155,0.0006050216799435313
21157,0.00028351814516129034
21159,0.0003754599384245701
21161,0.00011363636363636364
21163,0.00014110342881332017
21165,0.00015160703456640388
21167,0.0002744111593871484
21169,0.0001948747929455325
21171,0.0004355021339604564
21173,0.0003054017942355411
21175,0.0
21177,0.0005951635133441925
21179,9.184423218221895e-05
21181,0.0004204035874439462
21183,0.0004992511233150275
21185,0.0004902292244235581
21187,0.00026692766260343444
21189,0.00020951183741881415
21191,6.603275224511358e-05
21193,0.00034048348655090226
21195,0.00016595256773882083
21197,0.0
21199,0.00020815986677768527
21201,0.0008726003490401396
21203,0.00023435669088352472
21205,8.585164835164836e-05
21207,0.0003974111502214148
21209,0.0004374548874647302
21211,0.0005975857535556352
21213,0.00045900510643180907
21215,5.832604257801108e-05
21217,0.00028359599724506743
21219,0.001045016077170418
21221,0.0
21223,0.0
21225,0.0003917727717923604
21227,0.000550382560993215
21229,0.0001706630258554484
21231,9.51746454744456e-05
21233,0.0003587572648346129
21235,0.0002132309824617517
21237,0.00013646288209606986
21239,0.0
23001,0.00012856775520699409
23003,1.3692065448072841e-05
23005,0.0002471158055269215
23007,6.508298080052066e-05
23009,1.8284544074893492e-05
23011,0.00010539629005059021
23013,4.885197850512946e-05
23015,2.8443028613686787e-05
23017,3.447859741065733e-05
23019,4.5587162654996354e-05
23021,0.0
23023,0.0
23025,0.0002285670749128588
23027,0.00040870542556452436
23029,0.0
23031,0.0001186351031383928
24001,0.0004400880176035207
24003,0.0005395076992244577
24005,0.0008562427769982504
24009,0.00033420970544984624
24011,0.0002694207453973956
24013,0.0007676530911221799
24015,0.00036404065448606315
24017,0.0007143593089947453
24019,0.00042906616813264277
24021,0.0006069058133829188
24023,3.297500494625074e-05
24025,0.00034914641820433184
24027,0.0004630750286790785
24029,0.0012740101920815366
24031,0.0009365199657430855
24033,0.0010320659408962506
24035,0.0005630160980899158
24037,0.0005756334366275556
24039,0.0003006275600315659
24041,0.0001867712585714667
24043,0.0003579871664978048
24045,0.000565482922415743
24047,0.0006268978352434127
25001,0.0008443669942331531
25003,0.0003918140992796648
25005,0.001449901838943823
25007,0.0
25009,0.0018548524646085623
25011,0.0010315375410895786
25013,0.0018095721292068325
25015,0.00100601091521843
25017,0.001555359851910729
25019,0.0
25021,0.0017035876161486465
25023,0.0017356366095635572
25025,0.0016391686743884302
25027,0.001505908746130222
26001,0.0002649474520886691
26003,0.00020612181799443472
26005,0.00012297205899145343
26007,0.0005312614138194375
26009,8.263779852904718e-05
26011,0.0003640555791517505
26013,0.0005624296962879641
26015,0.000166925401038276
26017,0.0007127062736426601
26019,0.00016899504281207752
26021,0.0006338395764460242
26023,0.0004322081514457363
26025,0.0007430224421632774
26027,0.0005174098844451258
26029,0.0001892147587511826
26031,0.0005216095380029806
26033,5.101129900272911e-05
26035,0.000735435185777323
26037,0.0002446350181437638
26039,0.0003444237790177034
26041,0.0014543723722135547
26043,0.0010371906949177656
26045,0.0002110343435455605
26047,0.0006549178375803762
26049,0.0008579969213051647
26051,0.00026531231049120677
26053,0.0011472044439077406
26055,0.00019459261463794327
26057,0.00048828125
26059,0.000677779425158325
26061,0.0002467308166790032
26063,0.0002674750356633381
26065,0.00030614291595849126
26067,0.0001852366398073539
26069,0.0007176581680830973
26071,0.002654940678669211
26073,0.0002444601026732431
26075,0.0005139972464433226
26077,0.000572505426874359
26079,0.00022996435552489363
26081,0.00041534554623662593
26083,0.000449842555105713
26085,8.665511265164645e-05
26087,0.0004930048095358086
26089,9.03791404943739e-05
26091,0.00021591489027597847
26093,0.00019529872567581496
26095,0.0
26097,0.0
26099,0.0013767572235513965
26101,0.00019905251005215176
26103,0.0003273273720075583
26105,0.00020594494405162353
26107,0.0001626280696048138
26109,0.00044894294343318913
26111,0.0002130934059429383
26113,0.0001321178491214163
26115,0.00034233303190802223
26117,0.00026519405965306375
26119,0.0
26121,0.0006312126106043719
26123,0.00020184893625610592
26125,0.0010503960885640275
26127,0.0003259806584809301
26129,0.00036593175372792974
26131,0.0008635578583765112
26133,8.453799983092401e-05
26135,0.0002243409983174425
26137,0.0005733005733005733
26139,0.0003845791309265718
26141,0.0001452643811737362
26143,0.0003168567807351077
26145,0.0008699477053907434
26147,0.0004208130582440834
26149,0.0004464855211123868
26151,0.00020515158422612263
26153,0.00023312740412635504
26155,0.00048526190278124393
26157,0.0007368291784354661
26159,0.00031913807189542484
26161,0.0003563842677728834
26163,0.0016197522670828386
26165,0.00021421795146433272
27001,0.0007983296487349546
27003,0.0005692832723600986
27005,0.00012245522730751568
27007,0.0002914602156805596
27009,0.0008089387734465848
27011,0.00018573551263001485
27013,0.0001589673481066989
27015,0.00019020808764788678
27017,0.00022749246431211966
27019,9.888805871753175e-05
27021,0.00027536830510808204
27023,0.000553841284911781
27025,7.60008360091961e-05
27027,0.0008645881966419394
27029,0.0003490807540144287
27031,0.0
27033,0.0
27035,0.00039729205733718973
27037,0.00039740958931843004
27039,0.0
27041,0.0004933263902211747
27043,0.0
27045,0.0
27047,0.00015764913608273427
27049,0.0004291477126426916
27051,0.000821962847279303
27053,0.0009035856861700617
27055,0.00010234367004400778
27057,0.0007555533168790611
27059,0.0002835563117057201
27061,0.0004184745501398586
27063,9.314456035767511e-05
27065,0.0006708135138431517
27067,0.00021308331557639036
27069,0.00021706099413935315
27071,0.000368758758020503
27073,0.00040705563093622793
27075,9.111617312072893e-05
27077,0.00024283632831471587
27079,0.0002485442408748757
27081,0.00016795431642593214
27083,0.0003491755577109602
27085,0.0001607114158675738
27087,0.0005647590361445783
27089,0.0006255864873318737
27091,0.0009063588226875924
27093,0.00021181055663814285
27095,0.0010193679918450561
27097,0.0004780828876206412
27099,0.0005351818343994495
27101,0.00034246575342465754
27103,0.0006420447596918185
27105,0.001182033096926714
27107,0.0007305669199298656
27109,0.00020817142222715666
27111,0.00020692866134400167
27113,0.00028461647929415115
27115,0.00017001020061203673
27117,0.0017717561229807191
27119,0.0005374984191222967
27121,0.0
27123,0.000845128701585641
27125,0.000716674629718108
27127,0.0009324299123515882
27129,0.000866283027040406
27131,0.00039075932351745915
27133,0.000926593225573973
27135,6.225099601593625e-05
27137,0.00041667493402646876
27139,0.00037750676045269994
27141,0.00035147790791278813
27143,0.00019549068161084322
27145,0.0004910352881846293
27147,0.00013518263173547464
27149,0.00010173974972021569
27151,0.00038109756097560977
27153,0.00048369543310895237
27155,0.0
27157,4.5271402055321653e-05
27159,0.0004346881112801565
27161,0.0005132152938157557
27163,0.0004035152550004035
27165,0.00035439000620182513
27167,0.0006046863189720333
27169,0.0004289335153051277
27171,0.00022044415414761593
27173,0.0007684918347742555
28001,0.0014515581086506687
28003,0.000569383439075972
28005,0.0010435301132975551
28007,0.001359311282283643
28009,0.001886347559537845
28011,0.002261632236533635
28013,0.0008681135225375626
28015,0.0012252591894439209
28017,0.0016840504128639723
28019,0.0007810756527560813
28021,0.0015362457993278924
28023,0.0030644694998554494
28025,0.0012335136160926085
28027,0.0014664906877841326
28029,0.0012772250605001345
28031,0.0015803249543187318
28033,0.0005526546480161603
28035,0.0010643754808925365
28037,0.0004803073967339097
28039,0.0009736236502035758
28041,0.001331837936352166
28043,0.001885882198149204
28045,0.0007872192637184534
28047,0.0005405376476443798
28049,0.0007414582810126886
28051,0.002978258711406731
28053,0.0018313154949638824
28055,0.0022284122562674096
28057,0.0014005602240896359
28059,0.0007620291748312649
28061,0.001125302425026726
28063,0.0012976288781408518
28065,0.0011719665598874912
28067,0.0012580272377525198
28069,0.0014443909484833895
28071,0.0009806699065094688
28073,0.0008990397490340105
28075,0.00175510661339109
28077,0.001053027453930049
28079,0.001817951211262842
28081,0.0010753337763547393
28083,0.002573400397707334
28085,0.0018219603154268796
28087,0.001023744262078531
28089,0.0010362915718513295
28091,0.0017219435501983978
28093,0.0010445122931062188
28095,0.002020631713282995
28097,0.0021164021164021165
28099,0.003666633633931226
28101,0.0012945272743505045
28103,0.0014335104140315372
28105,0.0012511864699283803
28107,0.0012123946203513125
28109,0.001143580991924559
28111,0.0019423761735189381
28113,0.0014277274517526584
28115,0.0008718980549966465
28117,0.0009679417686231996
28119,0.0006934011325551831
28121,0.0006343433489099867
28123,0.0009950590172934394
28125,0.0031201248049922
28127,0.0018484945433862997
28129,0.0009732360097323601
28131,0.0008226100240907221
28133,0.001771014397691122
28135,0.0018607856650585803
28137,0.0015890952750900488
28139,0.0012627970955666802
28141,0.002089171974522293
28143,0.0016736401673640166
28145,0.000910614118161288
28147,0.001729660474055093
28149,0.001132754819264923
28151,0.0019336660466658072
28153,0.0010406319474007852
28155,0.0013728181996469895
28157,0.002158132234647832
28159,0.0011693527886521937
28161,0.001945379723157501
28163,0.0012580374615599665
29001,0.0
29003,0.00046176046176046176
29005,0.00016744809109176155
29007,0.0004224757076468103
29009,0.0005233583076245042
29011,0.0003139224611520954
29013,0.0004640640408376356
29015,0.0003675119441381845
29017,0.00048433968356474005
29019,9.394199395013559e-05
29021,0.0005209892144147739
29023,0.00018738434872227298
29025,0.00010579771476936098
29027,0.00015751929611377394
29029,0.0010063894024855478
29031,0.0007703137036151619
29033,0.00041228612657184083
29035,0.0006479831524380366
29037,0.00035048366746109633
29039,0.00028368794326241134
29041,0.0
29043,0.0002626533238778137
29045,0.000275178866263071
29047,0.0002598938915973616
29049,0.0018012039626487178
29051,0.0004735533602557188
29053,0.00033791394458211306
29055,0.00040592652729855896
29057,0.0006400409626216078
29059,0.00017713745866792632
29061,0.0005970862192500597
29063,0.0007054950223406757
29065,0.0002566899826734262
29067,0.0010154493363313266
29069,0.0004033384009183705
29071,0.0005673092911568219
29073,0.0015473887814313346
29075,0.001668436220233581
29077,0.000578343594661669
29079,0.001161552608653567
29081,0.00011123470522803115
29083,0.00035355990630662484
29085,0.0004224757076468103
29087,0.0004
29089,0.00019694731659281143
29091,0.0005487515901324487
29093,0.0
29095,0.0002238399674204538
29097,0.0008313821303742916
29099,0.000426460513839551
29101,0.00020713680444402598
29103,0.00024108003857280618
29105,0.0007809449433814916
29107,0.0008042416299297034
29109,0.0008294453084499741
29111,0.00019536973722770342
29113,0.0001332140750185548
29115,0.0007716049382716049
29117,0.0006713211600429646
29119,0.0006426459877468832
29121,6.348803250587264e-05
29123,0.0005638340716874748
29125,0.00010863661053775122
29127,0.0005180989223542415
29129,0.0
29131,0.0008359539827236177
29133,0.0004242381390086969
29135,0.000898530261215583
29137,0.00032862306933946765
29139,0.0004082965866405357
29141,0.0003827018752391887
29143,0.0012350982708624208
29145,0.000605704001107573
29147,0.00047691307175373943
29149,0.0
29151,0.00021645021645021645
29153,0.00010322047894302229
29155,0.0008010253123998718
29157,0.0004189578423671118
29159,0.0006644991337779149
29161,0.0007661453873540944
29163,0.000425509281421201
29165,0.00015597321717042303
29167,0.00035446137982148035
29169,0.00028438522009384713
29171,0.00019928258270227183
29173,9.918666931164451e-05
29175,0.00015464913976416007
29177,8.38117587897582e-05
29179,0.00030156815440289503
29181,0.000356531660011409
29183,0.000473437097298327
29185,0.0001026694045174538
29186,0.00010972130787798991
29187,0.0005535310669311315
29189,0.0009057953119906753
29195,0.0005124919923126201
29197,0.0
29199,0.00020449897750511248
29201,0.0008130081300813008
29203,0.0010583254938852304
29205,0.00015351550506601167
29207,0.0005628020922995432
29209,0.00040392741735023613
29211,0.0007265329845975008
29213,0.0007279197670656746
29215,0.00023408239700374532
29217,0.00019082148649937983
29219,6.276281930584321e-05
29221,0.0008368534310990675
29223,0.0002262614073459537
29225,0.0006305861709711027
29227,0.0
29229,0.0005871990604815032
30001,0.000325874429719748
30003,0.0036056770233985425
30005,0.001968802059669847
30007,0.0
30009,0.0002981514609421586
30011,0.0024429967426710096
30013,0.0005791366038464322
30015,0.0001784758165268606
30017,0.0005176876617773944
30019,0.00243605359317905
30021,0.000899786300753571
30023,0.0009753982876341173
30025,0.0
30027,0.00017274140611504577
30029,0.00029944768538029857
30031,0.000145439899758346
30033,0.0008417508417508417
30035,0.0013223626212165735
30037,0.0
30039,0.00033057851239669424
30041,0.001332041656575442
30043,0.0
30045,0.0
30047,0.0002765008813465593
30049,0.00014355669691991133
30051,0.0004438526409232135
30053,0.00030786597567858794
30055,0.0
30057,0.00026253609871357313
30059,0.003919372900335946
30061,0.00024260067928190198
30063,0.00028406227378105216
30065,0.00044014084507042255
30067,0.0
30069,0.0
30071,0.000959462700887503
30073,0.00016329196603527107
30075,0.0028885037550548816
30077,0.00013984058173682003
30081,0.00012267831292784063
30083,0.0007304601899196494
30085,0.0034328215886335464
30087,0.0023569745018212985
30089,0.00017614937466971993
30091,0.0
30093,0.00038248793691891256
30095,0.0004453847010355194
30097,0.0005377789728421619
30099,0.00032278889606197545
30101,0.0015102888427411742
30103,0.0012091898428053204
30105,0.0006907985631389886
30107,0.001411764705882353
30109,0.0
30111,0.0007170367942309268
31001,0.0005505934173498104
31003,0.00014684287812041116
31005,0.0
31007,0.0
31009,0.0
31011,0.0
31013,0.00017635129177321225
31015,0.0009341429238673517
31017,0.0
31019,0.0005195592405775767
31021,0.00014166312508853945
31023,0.000351493848857645
31025,0.00019409937888198756
31027,0.00011298158400180771
31029,0.0005137426149499101
31031,0.0006914433880726015
31033,0.0
31035,0.0003059507419305492
31037,0.0006688324097076247
31039,0.0003199658703071672
31041,0.0006315409599422591
31043,0.00233678286995088
31045,0.0007694844454215675
31047,0.0006015158198660625
31049,0.0
31051,0.00048340315823396714
31053,0.0007066753642096107
31055,0.0005083627614575653
31057,0.000998502246630055
31059,0.0004948861761794787
31061,0.0006144393241167435
31063,0.000364963503649635
31065,0.0006129955046996322
31067,0.0002611761633221608
31069,0.0
31071,0.0
31073,0.0
31075,0.0016129032258064516
31077,0.0
31079,0.0010513253593464548
31081,0.001389631213254944
31083,0.0
31085,0.0
31087,0.00034164673727365904
31089,0.0007614696363982486
31091,0.0014124293785310734
31093,0.0009282178217821782
31095,0.0
31097,0.0001908761213972132
31099,0.0
31101,0.0
31103,0.0
31105,0.0
31107,0.00022815423226100844
31109,0.0002110803090215724
31111,0.000329317489503005
31113,0.0
31115,0.0
31117,0.0
31119,0.00039616287953818727
31121,0.0002538715410002539
31123,0.0
31125,0.0002703433360367667
31127,0.0
31129,0.0
31131,6.327512022272843e-05
31133,0.0
31135,0.0034317089910775567
31137,0.0003215434083601286
31139,0.0016235962657285888
31141,0.0004615526631588664
31143,0.0013045098770033544
31145,0.000270929287455974
31147,0.00023559901048415596
31149,0.0006523157208088715
31151,0.0001405086412814388
31153,0.0002968661262842687
31155,0.00028897558156335787
31157,0.00034858154126669167
31159,0.00017731544417518767
31161,0.0
31163,0.0009664948453608248
31165,0.0
31167,0.0
31169,0.0001897893338394382
31171,0.0
31173,0.0005551700208188758
31175,0.00023228803716608595
31177,0.0004436119873817035
31179,0.0003121748178980229
31181,0.0005347593582887701
31183,0.0
31185,0.00021294718909710392
32001,0.00023835061375283043
32003,0.0008446488260268774
32005,4.2506163393692086e-05
32007,0.00031012880683110384
32009,0.0
32011,0.0
32013,0.00023064060427838322
32015,0.0007280669821623589
32017,0.0001996007984031936
32019,0.0002679374557424738
32021,0.00020742584526031943
32023,0.0004760609357997824
32027,0.0
32029,0.0
32031,0.0005222455126233179
32033,0.0001031778786628147
32510,0.0001959980756552572
33001,9.750865389303301e-05
33003,4.128648693282689e-05
33005,3.829510205644698e-05
33007,0.00012069641833378594
33009,2.2541815066949192e-05
33011,0.000804187660132642
33013,0.00021393234389624282
33015,0.00034938043203385996
33017,0.00011263707529788484
33019,9.120134977997675e-05
34001,0.0009873560557838088
34003,0.0022883169560553103
34005,0.0011574583447025377
34007,0.0012402703751196794
34009,0.0010638297872340426
34011,0.0010725687390377165
34013,0.002752947642076285
34015,0.0008801697077217701
34017,0.002479777622011956
34019,0.0009699987779542955
34021,0.0017448900611385745
34023,0.0018113723001087565
34025,0.0013606179279600018
34027,0.0017115633218020949
34029,0.001876395871239232
34031,0.002550375891985016
34033,0.0013571151609150834
34035,0.001846739007469509
34037,0.0012977054208694627
34039,0.002597368768687194
34041,0.0015430706202963418
35001,0.00039867292323484126
35003,0.0002760905577029266
35005,0.00033848757596738213
35006,0.0011237584281882113
35007,7.326544069162575e-05
35009,0.0003164356686285678
35011,0.0
35015,0.0006366802741470357
35017,0.00019949461364543157
35019,0.0002175805047867711
35021,0.0
35023,0.0005972526378658173
35025,0.0005453787173975811
35027,0.00033314296592423375
35028,0.0
35029,0.0007601672367920942
35031,0.0037202587523251615
35033,0.0
35035,0.00034117519346184267
35037,0.00021826912583215103
35039,0.00046244462834055396
35041,0.0006107181027024276
35043,0.00048371237352110887
35045,0.001637924983035777
35047,0.0
35049,0.00015746845496059865
35051,0.00015992323684631377
35053,0.0011480428602667833
35055,0.0002141458639255996
35057,5.9776436128878e-05
35059,0.0004743833017077799
35061,0.0001735369500213584
36001,0.0004576135453609427
36003,0.0007009954134871518
36005,0.0035750617022049062
36007,0.0006170167241387889
36009,0.0002574286554869079
36011,6.153997636864908e-05
36013,0.00010983217643440822
36015,0.0003004540194071041
36017,0.0001747538882740141
36019,6.008965376341501e-05
36021,0.0008644400785854617
36023,2.0191822311963656e-05
36025,0.00014639757398305972
36027,0.0005845003857702546
36029,0.0007821153426750279
36031,0.0003567242521530857
36033,5.794302269435055e-05
36035,0.0004987886561208494
36037,9.990342668753538e-05
36039,0.0003606780747805875
36041,0.00020004000800160032
36043,0.00015513256077318068
36045,8.423109643618231e-06
36047,0.002910815321207084
36049,0.00018478823268534259
36051,0.00012256403971074888
36053,0.00023363201583200484
36055,0.00040965832894095984
36057,0.00021916716477385934
36059,0.0016326870826886913
36061,0.00197084331089393
36063,0.0004660151591990022
36065,0.0005918185315291323
36067,0.0004534148339368171
36069,0.00033423390802996965
36071,0.0013351555929352397
36073,0.0012936012936012936
36075,4.040926503628752e-05
36077,7.91966293914531e-05
36079,0.0006339897769148473
36081,0.003198243957489516
36083,0.00028809599859709774
36085,0.0022904269670360592
36087,0.0022121246422276484
36089,5.3305851205600666e-05
36091,8.580822313750994e-05
36093,0.00033556613879531756
36095,6.101281269066504e-05
36097,0.00015867139154810388
36099,0.00014183190083113495
36101,0.0007247397982807561
36103,0.0013281396473940011
36105,0.000616000616000616
36107,0.0008732607556616405
36109,0.0
36111,0.0005302513824411042
36113,0.0005244074196158341
36115,0.00021935665825799478
36117,0.00010621348911311737
36119,0.0015460088070622512
36121,0.00011727178909841448
36123,0.0002764285432215772
37001,0.0006389776357827476
37003,0.0003484694151074894
37005,8.928571428571429e-05
37007,0.0004906030643822175
37009,0.00011201553282055111
37011,0.00011033873993158998
37013,0.0010924140249154429
37015,0.0010220470141626514
37017,0.0005535485374664957
37019,0.0005254810540194524
37021,0.00046672465366909223
37023,0.0006568791670772162
37025,0.0005859522303894552
37027,0.0002546627537532439
37029,0.0003053124363932424
37031,0.00021236897592645965
37033,0.0002517200872629636
37035,0.0004517918957442476
37037,0.0010245740136504784
37039,0.0005507012262280637
37041,0.0012049805864238854
37043,0.0005717552887364208
37045,0.0009526292567486262
37047,0.0011766358751009798
37049,0.0006489866957727367
37051,0.0003414369798176288
37053,0.00016670139612419253
37055,8.702462796971542e-05
37057,0.0002964371954571
37059,0.0002657069011328776
37061,0.000994865781946739
37063,0.00039098479294723585
37065,0.0011910562503383683
37067,0.000412245382004642
37069,0.0005349292054629645
37071,0.0007912155772979024
37073,0.0004146280786134837
37075,0.0011706860220088973
37077,0.0009201356348083903
37079,0.0009903324687573684
37081,0.00045079136631141
37083,0.0005739601456423869
37085,0.0006783483539040269
37087,0.0006305492595306668
37089,0.0006657916262436036
37091,0.0015608313480653907
37093,0.0006171206911751741
37095,0.00088999644001424
37097,0.0002479527999593103
37099,0.00020538098172109262
37101,0.00042320621024884527
37103,0.001463985945734921
37105,0.0004932979519629856
37107,0.000778829385571339
37109,0.0002087029114056141
37111,0.0007559587335467805
37113,0.0002368405471016638
37115,0.00033634441668268307
37117,0.0008171603677221655
37119,0.00046118574504723004
37121,0.0002519526329050139
37123,0.0014258216297141227
37125,0.0006621155734149181
37127,0.0009187050434818922
37129,0.0002360622802611753
37131,0.0010145261701637075
37133,0.00020674208924366852
37135,0.0004651127326516763
37137,0.0002306805074971165
37139,0.000851105220922598
37141,0.00032947013450133726
37143,0.0003051338774887482
37145,0.000256568144499179
37147,0.00027074257303896234
37149,0.0006463159988068012
37151,0.0005113011563811085
37153,0.0007658108021868153
37155,0.0007747098598752943
37157,0.00020156798676016592
37159,0.0008783142079819481
37161,0.0010978434144434085
37163,0.0004985122524964559
37165,0.0009501574546639158
37167,0.0012831902082716415
37169,0.00029548332629801604
37171,0.0005401974421651113
37173,0.00036010082823190496
37175,0.00028146989835809225
37177,0.0006938020351526364
37179,0.00034440749060590017
37181,0.0010470504366423097
37183,0.00031881074483298873
37185,0.0003402848670458412
37187,0.0006012777151446824
37189,0.00012346441138341873
37191,0.000876599794625191
37193,0.000623170342888612
37195,0.0008975205993443113
37197,0.000311284046692607
37199,0.00010895619960775768
38001,0.0
38003,0.0004495594317568783
38005,0.0018900843268391974
38007,0.0
38009,0.0027577753945150912
38011,0.0009696186166774402
38013,0.000493339911198816
38015,0.001256172033381839
38017,0.0007191042016231209
38019,0.0004987531172069825
38021,0.0040763387066889015
38023,0.000500751126690035
38025,0.0017241379310344827
38027,0.0016406890894175555
38029,0.0025
38031,0.0005822416302765648
38033,0.0
38035,0.0004870920603994155
38037,0.0016019223067681217
38039,0.00041649312786339027
38041,0.0012101653892698668
38043,0.0020815986677768525
38045,0.0033532934131736527
38047,0.002002002002002002
38049,0.0029536643898836995
38051,0.0017705382436260624
38053,0.0008238589553468446
38055,0.0014781125639567935
38057,0.0006013229104028864
38059,0.002290189125295508
38061,0.0016629711751662971
38063,0.0024775472282440383
38065,0.001135718341851221
38067,0.00026226068712300026
38069,0.0009315323707498836
38071,0.0006072698880888349
38073,0.0008851124092759781
38075,0.0008278145695364238
38077,0.0002994729276473407
38079,0.0008561033031319113
38081,0.0007492507492507493
38085,0.0011870845204178537
38087,0.0
38089,0.0015640852215082855
38091,0.0005045408678102926
38093,0.0013713529105783327
38095,0.0034527406128614588
38097,0.0012220457045093486
38099,0.0007107320540156361
38101,0.0015852620688504347
38103,0.0006986492780624127
38105,0.001030638058652675
39001,0.00027793218454697053
39003,0.0007550828260606118
39005,0.000365537156851994
39007,0.0004659922722948178
39009,6.16294835449279e-05
39011,0.00044680851063829785
39013,0.0003973885892705081
39015,8.884940026654821e-05
39017,0.0003775993914945058
39019,0.00034200896063476865
39021,9.891441430302431e-05
39023,0.00043806038167777125
39025,0.00021169995060334485
39027,0.0003249315322842687
39029,0.0008368429191264087
39031,0.00035018721547288743
39033,0.00031346558595674175
39035,0.0005503977005607176
39037,0.001030155459823937
39039,0.0004317350670459163
39041,0.00019454564748328676
39043,0.0007777239462478007
39045,0.00040488608289870984
39047,0.0005506039437007468
39049,0.0005605072289073639
39051,0.000439316515988809
39053,0.0004145011637917291
39055,0.0005244323790720632
39057,0.00036317302424641596
39059,0.00019592956332198575
39061,0.000430991888542164
39063,0.0004366696660138676
39065,0.000524837146120836
39067,0.0001888098684624583
39069,0.0007232152081826635
39071,0.00036654372179331516
39073,0.0003382034632034632
39075,0.0007049369081467209
39077,0.0002963645943097998
39079,0.0002958754955914551
39081,5.6894148436833274e-05
39083,0.0002959406803347418
39085,0.0002627864690399393
39087,0.0005194069317215979
39089,0.0004269542305064897
39091,0.00019206965726236715
39093,0.00030968936526719673
39095,0.0008688040694782614
39097,0.0004167631396156518
39099,0.0012106984704158648
39101,0.0007604109200972134
39103,0.00029346099845789123
39105,0.0005064359569529437
39107,0.0008933314018059781
39109,0.000629125612187615
39111,0.0013622122326658493
39113,0.0003908013078083202
39115,6.665777896280495e-05
39117,5.687149884835215e-05
39119,0.00010355540214014498
39121,0.0009545888449474976
39123,0.0007156659271452086
39125,0.0004060913705583756
39127,0.0003322351117140563
39129,0.0008269068291718348
39131,3.482015390508026e-05
39133,0.0004281300026060087
39135,0.0004926339495167495
39137,0.0011983565396028303
39139,0.00021248130951444087
39141,0.0007048119433587493
39143,0.00040491075766900975
39145,0.00015168944115081723
39147,0.0002603895427559629
39149,0.0003010476458074098
39151,0.0005060372328632056
39153,0.0005277418091206842
39155,0.0006508298080052066
39157,0.0005464246683952258
39159,5.926042983565107e-05
39161,0.0001709986320109439
39163,0.0003687315634218289
39165,0.0003410237343046195
39167,0.0004315029086492361
39169,0.0007331315065421206
39171,0.00015580368735393404
39173,0.0008256729234325976
39175,0.0006548502575744347
40001,0.0005753230660293857
40003,0.0
40005,6.885155604516663e-05
40007,0.00017995321216483713
40009,0.0007434598763997955
40011,0.000160333493666827
40013,0.00040890941453793235
40015,0.0009330534173081409
40017,0.00021571094733057703
40019,0.00026967597394515205
40021,0.0002135520105921797
40023,0.0001304716550329441
40025,0.0
40027,0.00046472497095468934
40029,0.0
40031,0.00022444636563144244
40033,0.0004710315591144607
40035,0.0001308301170929548
40037,0.0005811893117868027
40039,0.0004051117740212868
40041,0.0008693132425383947
40043,0.00021408691928923143
40045,0.0
40047,0.000549496295062859
40049,0.0002885690581827364
40051,0.0003637895381787547
40053,0.0006558810668998689
40055,0.0013089005235602095
40057,0.0
40059,0.0005608524957936063
40061,0.0004741958428831107
40063,0.0004979725403713453
40065,0.0008288749905809661
40067,0.00015436863229391788
40069,0.00036896965224610275
40071,0.0004257493188010899
40073,0.00040398599515216807
40075,0.0006273525721455458
40077,0.00027260336210813266
40079,0.0005127800568002524
40081,0.0007118071002758253
40083,7.470677590457454e-05
40085,0.00010649627263045793
40087,0.0004761479629794959
40089,0.0012715874142417791
40091,0.0005932077710218003
40093,0.0002679528403001072
40095,0.00012873326467559217
40097,0.0004137461059190031
40099,0.00022539444027047334
40101,0.00040311370586599947
40103,0.0002617801047120419
40105,0.0003719546215361726
40107,0.0009288971457524067
40109,0.0003622886649454485
40111,0.00037255973374397694
40113,0.000383035771285085
40115,0.0006770689071492321
40117,0.00029827596492274655
40119,0.00021478748673371405
40121,0.00045777564633561497
40123,0.0002132707739063208
40125,0.000298851556162746
40127,0.0005095974180397486
40129,0.001416029453412631
40131,0.0006611685283780492
40133,0.00031757373665197887
40135,0.00033111016508206804
40137,0.0002682583327744618
40139,0.0005279831045406547
40141,0.0004898958971218616
40143,0.0003942930226701921
40145,0.0004921882690441704
40147,0.0008404511072454704
40149,0.00016977928692699492
40151,0.00011372682815876265
40153,0.0002991026919242273
41001,0.00018373346398824106
41003,8.271005399784954e-05
41005,0.00019384718554843036
41007,0.0
41009,4.020989565532078e-05
41011,1.5597460733392603e-05
41013,0.0002266443044286297
41015,8.9698165672512e-05
41017,8.905739112733935e-05
41019,9.331927322950009e-05
41021,0.0
41023,0.0
41025,0.0
41027,4.511006856730422e-05
41029,4.908553645582792e-05
41031,0.0005181103103951769
41033,4.821833261005834e-05
41035,4.457652303120357e-05
41037,0.0
41039,9.628264052309792e-05
41041,0.0002785276599391524
41043,0.00014588142414595007
41045,0.001203483768804434
41047,0.0003906496125007876
41049,0.0006109801867853714
41051,0.00026920710267229253
41053,0.00019701586634443628
41055,0.0
41057,0.0
41059,0.0006221210356329751
41061,7.789678675754625e-05
41063,0.00028469750889679714
41065,0.0006841046277665996
41067,0.00017106388578195934
41069,0.0
41071,0.00015174660340519378
42001,0.00037946971539771346
42003,0.0003567287251175675
42005,0.0004432433978180986
42007,0.000824888725947906
42009,0.00021793398581447873
42011,0.0010684252477850163
42013,0.0003190810465858328
42015,0.00046063185984084374
42017,0.0010049107904666198
42019,0.0002472785915871523
42021,0.00015679858199543238
42023,0.0
42025,0.0005534800055348
42027,0.00015846186351151488
42029,0.0007676652979301025
42031,9.867041614248008e-05
42033,9.600153602457639e-05
42035,0.00023231801755291688
42037,0.0006707607917958502
42039,5.5456350306673615e-05
42041,0.00036987122529409016
42043,0.0007622723978536212
42045,0.0013772497436441427
42047,9.154994049253868e-05
42049,0.00015818390812678617
42051,0.00010531045522199444
42053,0.00013559322033898305
42055,0.0005140692640692641
42057,0.0002656924609764198
42059,2.5187647977431868e-05
42061,0.0007973622395103765
42063,0.00027895559027002904
42065,8.737630791410908e-05
42067,0.0003712871287128713
42069,0.0010509379388595928
42071,0.000959264151563736
42073,0.0005841374237376141
42075,0.0006403109651369512
42077,0.0010728598024675776
42079,0.0007158062468099939
42081,0.0002787609498145817
42083,4.523965708339931e-05
42085,0.0002527869764149751
42087,0.00014881585101407372
42089,0.0007966199709676277
42091,0.0011295919349135126
42093,0.0007650691294606263
42095,0.001075777357384562
42097,0.0012507287084636176
42099,0.00017311520817103783
42101,0.0012350053471801678
42103,0.0003915093536691235
42105,0.00011385631333257428
42107,0.0008941499903244964
42109,0.00045472918350848826
42111,6.334807231815936e-05
42113,0.00015576323987538941
42115,0.0006994800531604841
42117,0.00011892303301303397
42119,0.0002674511901577962
42121,1.7937541480564672e-05
42123,2.37749934618768e-05
42125,0.00023794680461236087
42127,0.0002271350696547547
42129,0.0003677345389257825
42131,0.00045593238172061864
42133,0.0005139658109020676
44001,0.0004534610910668165
44003,0.0007517251504918514
44005,0.00011967018895922836
44007,0.001549186676994578
44009,0.0006202175413026118
45001,0.0007371770000775975
45003,0.0005793706271687039
45005,0.0007547169811320754
45007,0.0011429491307147458
45009,0.002260312676586928
45011,0.0010813616505904234
45013,0.0005907950322396214
45015,0.0005772838793476692
45017,0.0011849121190178394
45019,0.0008150628136081529
45021,0.0010430716662170668
45023,0.0009577397342272237
45025,0.0011209283924568114
45027,0.002003367980953487
45029,0.0012369676621311187
45031,0.0010032861255707098
45033,0.0015984955336154209
45035,0.0008136758376298459
45037,0.0008260738960648844
45039,0.0017022336627086274
45041,0.0015153622594270906
45043,0.0010306411242167945
45045,0.0008445587404009643
45047,0.0011108579241198588
45049,0.001497566454511419
45051,0.0009545395772644645
45053,0.0009633104372591724
45055,0.0009529599263920609
45057,0.0008382339458553261
45059,0.0009686140145436672
45061,0.0018044208310360383
45063,0.0008550629442926491
45065,0.0006784918096345837
45067,0.001350518187956901
45069,0.0005137514128163853
45071,0.0015912766734491573
45073,0.0004897292885321725
45075,0.0014215100313378348
45077,0.000619355702675784
45079,0.0007574573797801254
45081,0.0012683273299173051
45083,0.0008884518813758713
45085,0.0008829981038777559
45087,0.0008327839272702037
45089,0.0014201721248615331
45091,0.0005473082385721135
46003,0.0007049700387733521
46005,0.00130347197535253
46007,0.0014405070584845865
46009,0.0009783368273934311
46011,0.00041698742622530154
46013,0.0002752849198920883
46015,0.000944822373393802
46017,0.002461841457410143
46019,0.0008068582955118507
46021,0.0006756756756756757
46023,0.0001086484137331595
46025,0.000273000273000273
46027,0.0005772838793476692
46029,0.0011074197120708748
46031,0.0007209805335255948
46033,0.0004899559039686428
46035,0.0007686395080707148
46037,0.0008680555555555555
46039,0.0004579803068468056
46041,0.00034837136387388956
46043,0.0016276041666666667
46045,0.0002446183953033268
46047,0.0009619348632678302
46049,0.0025477707006369425
46051,0.0006782419967444384
46053,0.0030653147842489977
46055,0.0015641293013555788
46057,0.0
46059,0.0002941176470588235
46061,0.0002848191398461977
46063,0.0
46065,0.0004650892389977327
46067,0.00040382285637367073
46069,0.0
46071,0.0017129153819801302
46073,0.006301502666020358
46075,0.0
46077,0.0009386146048432514
46079,0.0007809110629067246
46081,0.00037510940691034883
46083,0.0009556803249313105
46085,0.0018120631633445508
46087,0.0015668523676880223
46089,0.00039603960396039607
46091,0.0006622516556291391
46093,0.00043714978341215276
46095,0.0004828585224529213
46097,0.0012205044751830757
46099,0.0007930214115781126
46101,0.0009128251939753537
46103,0.0005972764195269571
46105,0.0
46107,0.0
46109,0.0012751348700343306
46111,0.00040933278755628325
46115,0.0012039127163280662
46117,0.0
46119,0.0007199424046076314
46121,0.0010045203415369162
46123,0.0003454231433506045
46125,0.00401511572980633
46127,0.0012506948304613673
46129,0.001832172957127153
46135,0.00035641094181591376
46137,0.0010997067448680353
47001,0.00030502360617473874
47003,0.000529042213159925
47005,0.0007849767526115572
47007,0.00030518043793392844
47009,0.0003898477157360406
47011,0.0002941922394116155
47013,0.0004841442749939482
47015,0.00014425851125216387
47017,0.001032844453625284
47019,0.0007446394421973633
47021,0.0004032562945787232
47023,0.0011259259259259258
47025,0.00028005974607916355
47027,0.00211943647924199
47029,0.0007205409599822636
47031,0.0006785667163025654
47033,0.0016982541946878608
47035,0.0005606394907223207
47037,0.0006106672683922093
47039,0.0009327567200881879
47041,0.001002004008016032
47043,0.00048828125
47045,0.0012174904155009844
47047,0.0009424577202994921
47049,0.0009466533021494598
47051,0.0006959276235271531
47053,0.0011825069146590773
47055,0.001311673897689436
47057,0.00039212269083304285
47059,0.0009516140838884416
47061,0.0009860543738554725
47063,0.000887733426333978
47065,0.00036592527451773116
47067,0.00043923865300146415
47069,0.0012530879667752676
47071,0.000944750963645983
47073,0.0005365642578970143
47075,0.0014534883720930232
47077,0.0010850302000072335
47079,0.00046236360273719255
47081,0.0006923515516820071
47083,0.0022727272727272726
47085,0.0003221130616846513
47087,0.0006118346298400489
47089,0.0005238039809102549
47091,0.0009233610341643582
47093,0.00026923537154481276
47095,0.0006464124111182935
47097,0.0007243489913440295
47099,0.000618694079573577
47101,0.0007503126302626094
47103,0.00023828671849402793
47105,0.00031518564434451893
47107,0.000906224630430268
47109,0.0011853324666386265
47111,0.0011649789407653015
47113,0.0009511666970230506
47115,0.0005257255011916445
47117,0.0004930966469428008
47119,0.0005622097286726961
47121,0.0008381527114240215
47123,0.0008839974364074345
47125,0.00046544803907345615
47127,0.00031751071598666456
47129,0.00028627320005725465
47131,0.0011180818684390335
47133,0.0015150819521601395
47135,0.002271580010095911
47137,0.0021929824561403508
47139,0.0008468424872973627
47141,0.0009829710646545758
47143,0.0008831693161746152
47145,0.0002568147631801005
47147,0.0006979637665766394
47149,0.0005131559876685874
47151,0.000268084535990349
47153,0.0003582688449412439
47155,0.00030678680589485164
47157,0.000654075273073759
47159,0.0008804640563496996
47161,0.0010443864229765013
47163,0.0004889882388802805
47165,0.0007814617115271905
47167,0.0005312966959986718
47169,0.0012664640324214793
47171,0.0009301307654429064
47173,0.0002589063794531897
47175,0.0003591309032142216
47177,0.00039512026473057736
47179,0.000714761047987578
47181,0.0004687683112621587
47183,0.0009788679679852595
47185,0.0006599122704863942
47187,0.0003727718410410501
47189,0.0006164126570065572
48001,0.0007704687874533438
48003,0.0007715508171424563
48005,0.001105589628405507
48007,0.0007439246156389485
48009,0.0002189621195533173
48011,0.0005032712632108706
48013,0.0008240350994409924
48015,0.00039402514596840636
48017,0.0007282260413632391
48019,0.0005333333333333334
48021,0.00044486984186899257
48023,0.0010484927916120576
48025,0.0012257155114297972
48027,0.0003664506064925634
48029,0.0008660964715671452
48031,0.0006049606775559589
48035,0.0007673755755316816
48037,0.0009612303748798462
48039,0.0006180449611444892
48041,0.0005055122344716322
48043,0.000533845825325646
48045,0.0006119951040391676
48047,0.003350308228357009
48049,0.0007482905431557219
48051,0.00040766408479412964
48053,0.00036578117141420144
48055,0.001024697845507094
48057,0.00042442820089601507
48059,0.0005136106831022085
48061,0.0027419886029081547
48063,0.0011078578776608373
48065,0.0003169572107765452
48067,0.0010543309940364402
48069,0.0009014810045074051
48071,0.0003063350079647102
48073,0.0009161886551943913
48075,0.0
48077,0.00045061283345349673
48079,0.0012694382735639479
48081,0.0023141452126120912
48083,0.0005649717514124294
48085,0.00028399172515854035
48087,0.0
48089,0.00019016829894456593
48091,0.000996613360155767
48093,0.00035824317546750734
48095,0.0005119017148707448
48097,0.00028187781877818776
48099,0.0001863015156959027
48101,0.0024630541871921183
48103,0.0014272121788772598
48105,0.0018377526909950119
48107,0.002070063694267516
48109,0.0012126111560226355
48111,0.001685307185537
48113,0.000573286586088743
48115,0.0021358393848782574
48117,0.0018283445645928015
48119,0.0
48121,0.00030134818542031116
48123,0.002171016924063749
48125,0.0008003201280512205
48127,0.0007946756729909606
48129,0.0002668801708033093
48131,0.0018069815195071869
48133,0.0004811290495028333
48135,0.0009621219970692284
48137,0.0010075566750629723
48139,0.00067459086064302
48141,0.0010387931977710355
48143,0.00048336421493595425
48145,0.0007333446155581881
48147,0.000707630616818021
48149,0.000960253841015364
48151,0.0009847365829640572
48153,0.0015003750937734434
48155,0.0007407407407407407
48157,0.000579971181556196
48159,0.0009152480322167307
48161,0.00040660736975857686
48163,0.000531475138774064
48165,0.0008519442585042293
48167,0.0005972936419121635
48169,0.0019338959212376935
48171,0.00040756439517443757
48173,0.0
48175,0.0008312551953449709
48177,0.0010519987977156598
48179,0.0006220563405314139
48181,0.0007588066939947048
48183,0.0008088411287460487
48185,0.0013953839191431588
48187,0.0006705120126670221
48189,0.0020571052415041553
48191,0.0005787037037037037
48193,0.0008321445553970519
48195,0.0014511155450752766
48197,0.0009551098376313276
48199,0.0007586691832278598
48201,0.0007162089656564264
48203,0.0006252096739760286
48205,0.0
48207,0.0005331437711036076
48209,0.0006070643818171021
48211,0.0002747252747252747
48213,0.00055089520470765
48215,0.002671401606040247
48217,0.0004478280340349306
48219,0.0016523894421011437
48221,0.0008227389370996493
48223,0.001369628488272556
48225,0.0005949851253718657
48227,0.0008189768639035947
48229,0.0008894159501927068
48231,0.0006084148453222259
48233,0.0005841646445582816
48235,0.0
48237,0.0003331852509995558
48239,0.0011176306230790724
48241,0.0009547343592047624
48243,0.0
48245,0.000668513036004202
48247,0.0013422818791946308
48249,0.001277447034153631
48251,0.0005038145962285879
48253,0.0001998301443772793
48255,0.0011863178013576748
48257,0.0006916107614634483
48259,0.0003348350176549373
48263,0.0013054830287206266
48265,0.00036534870504181214
48267,0.0004332755632582322
48271,0.0005758710048949035
48273,0.0016962995539360432
48275,0.0024677817384151355
48277,0.0011364316047610503
48279,0.0024159738506359697
48281,0.0004415227629513344
48283,0.002158495220474869
48285,0.002027027027027027
48287,0.000900360144057623
48289,0.000827618822416647
48291,0.0007978340766705468
48293,0.0006887941796891817
48295,0.00031289111389236547
48297,0.0008637816360024186
48299,0.00021037130535394972
48303,0.000988727776343961
48305,0.0015080428954423592
48307,0.0007305491294289541
48309,0.0007057163020465773
48311,0.001199040767386091
48313,0.0005865102639296188
48315,0.0013991232161178993
48317,0.0014912654452492544
48319,0.0004985044865403788
48321,0.0014963259853039413
48323,0.0031345622807672216
48325,0.001076378973266261
48327,0.0013513513513513514
48329,0.00089061856827452
48331,0.00035783865452665897
48333,0.0007928642220019821
48335,0.00031635558367605187
48337,0.0006519231733614162
48339,0.00044045862186400275
48341,0.0011720581340834506
48343,0.00045829514207149406
48345,0.0
48347,0.0011619080078699902
48349,0.0007137322076756801
48351,0.0010450048766894246
48353,0.000460586919331491
48355,0.0013907541707702867
48357,0.0006006006006006006
48359,0.0009514747859181732
48361,0.0005991539945596817
48363,0.0009570734819751161
48365,0.001385739480977576
48367,0.0005071348628987129
48369,0.0022033049574361543
48371,0.0009406157898037248
48373,0.0009016938963910775
48375,0.001099285871326553
48377,0.0008980115458627325
48379,0.00044726719742374093
48381,0.0006072362317618284
48383,0.001861619609059882
48385,0.002511773940345369
48387,0.0013669501822600244
48389,0.000870735375603578
48391,0.0021370375317216507
48393,0.0
48395,0.00036414395824482614
48397,0.00045606171166475556
48399,0.0009434852344560807
48401,0.000561210666873089
48403,0.0009374707040404988
48405,0.0017949293246578416
48407,0.0005403736297668674
48409,0.0012420890755308453
48411,0.0008183306055646482
48413,0.0006232471174820816
48415,0.0011369756447848723
48417,0.0
48419,0.0012926282173136145
48421,0.00033178500331785003
48423,0.0008461300429350559
48425,0.0006071645415907711
48427,0.0030212456579691415
48429,0.0007217238890607279
48431,0.0008733624454148472
48433,0.0006863417982155113
48435,0.0007035647279549719
48437,0.0006369426751592356
48439,0.000520685915417964
48441,0.0006562731317201224
48443,0.0
48445,0.0009529103470181848
48447,0.0012048192771084338
48449,0.0011860114754623841
48451,0.0008446022649871494
48453,0.00046096488060910675
48455,0.0005511160099200882
48457,0.0001871082421180653
48459,0.0004351498707348913
48461,0.0012311480455524776
48463,0.0013742385975337988
48465,0.0026760908645203463
48467,0.0006033865067692424
48469,0.0011270876737593497
48471,0.0009863406760916998
48473,0.0004251381699052192
48475,0.0003759751856377479
48477,0.0015548379380456883
48479,0.0014689394993330441
48481,0.001461602971127351
48483,0.0003872966692486445
48485,0.0006666969710744428
48487,0.0006502890173410405
48489,0.002734393103767901
48491,0.0003963221306277743
48493,0.000672931336970367
48495,0.0007193209610128039
48497,0.0004386408880790903
48499,0.0010776871895792335
48501,0.0012846865364850976
48503,0.0008693289866883999
48505,0.0006427653192401085
48507,0.0017754480892796754
49001,0.0
49003,0.0
49005,0.0
49007,0.0
49009,0.0
49011,0.00017935492013723973
49013,0.0
49015,0.0
49017,0.0
49019,0.0
49021,0.0
49023,0.0
49025,0.0
49027,0.0
49029,0.0
49031,0.0
49033,0.0
49035,0.00034151945108510046
49037,0.002025384823116392
49039,0.0
49041,0.0
49043,5.473303959935415e-05
49045,0.00015729590855864515
49047,0.0
49049,0.00020436374432938808
49051,0.0004491757624758568
49053,0.0
49055,0.0
49057,0.0
50001,5.360780529645116e-05
50003,2.6763729793384007e-05
50005,0.0
50007,0.0002498190413354429
50009,0.0
50011,0.00014420501833463804
50013,0.0
50015,3.9607097591888464e-05
50017,0.0
50019,3.6141530232390037e-05
50021,1.5762677133084283e-05
50023,3.329116452493508e-05
50025,6.703611011798355e-05
50027,3.467767104761244e-05
51001,0.000576970629447482
51003,0.0002669349705344859
51005,0.00036199095022624434
51007,0.0004676539360872954
51009,0.00018310546875
51011,0.0004048582995951417
51013,0.0007468366473218533
51015,0.00013607293509320997
51017,0.0
51019,0.0002634005004609509
51021,0.0007232749891508751
51023,0.000391625244765778
51025,0.0003355329381500951
51027,0.00016522098306484924
51029,0.0005358737719559392
51031,0.00022009060396529904
51033,0.0002130681818181818
51035,0.0009651545911405465
51036,0.0006838074398249453
51037,0.0002381708478882185
51041,0.0003879747078967282
51043,0.00013874436351023238
51045,0.0
51047,0.00038697194453402126
51049,0.00040221216691804925
51051,6.154603643525357e-05
51053,0.00043939948736726475
51057,0.0001793400286944046
51059,0.0005736053162869117
51061,0.00041926209870627693
51063,0.0009836710603974032
51065,0.00034858050273054727
51067,0.000165380374862183
51069,0.00020948989211270555
51071,0.0
51073,7.869058860560277e-05
51075,0.00032711808963035657
51077,0.0012470382840753212
51079,0.00021708455443395202
51081,0.0013045250713412148
51083,0.0002746950884518185
51085,0.000476341695776437
51087,0.0008028652045489087
51089,0.0006647144422686524
51091,0.0
51093,0.0007599639720783607
51095,0.00033885252214093184
51097,0.00028649190660363845
51099,0.00021468441391155003
51101,0.000313361744798195
51103,8.639308855291577e-05
51105,0.00042826552462526765
51107,0.0004541629376327425
51109,0.00024310198128114745
51111,0.00038138825324180017
51113,0.00021982853374367993
51115,0.0
51117,0.0010652220227044466
51119,0.001003741217264349
51121,7.513148009015778e-05
51125,0.00013033561420658195
51127,0.00022150847269908073
51131,0.0023656898656898655
51133,0.0006247559547051933
51135,0.00130718954248366
51137,0.0001800882432391872
51139,0.0012701794640662132
51141,0.0014278159703860391
51143,0.00028438265265818787
51145,0.00021338644284799773
51147,0.0006134700495157968
51149,0.00019125160514740035
51153,0.0005911813300289137
51155,0.00022579097400581412
51157,0.00027085590465872155
51159,0.00042996882726002364
51161,0.0002809292274446245
51163,0.000135464643727987
51165,0.0003810675146513889
51167,0.0002725166916473634
51169,0.000471516138711475
51171,0.0014594698057230357
51173,0.0008282716731087797
51175,0.002090368226402959
51177,0.0004578230513906375
51179,0.00017373724610670626
51181,0.0006992029086841001
51183,0.0010607915136678907
51185,8.813873036158913e-05
51187,0.0006416940723510066
51191,0.0005317003410215981
51193,0.0002833342777809259
51195,0.0003315492824326244
51197,0.0002387285996862424
51199,0.00013986883411556275
53001,0.0006059270684146745
53003,0.00045996044340186745
53005,0.0008200130030633343
53007,0.00027522809528396656
53009,4.172345692748463e-05
53011,0.00023636955092125618
53013,0.0004886391399951136
53015,7.789147769869629e-05
53017,0.00026409613099168095
53019,0.00013135426244581636
53021,0.000932040903280784
53023,0.0
53025,0.0003534697042256733
53027,0.00020528260572054194
53029,0.0001484303490587042
53031,0.0
53033,0.00043547126513236663
53035,0.00010853355093640336
53037,0.000546108973563361
53039,0.0001463129145532579
53041,0.00017193720324300017
53043,0.00028390271600264974
53045,0.00016827934371055952
53047,0.0002680442516691847
53049,0.00013981451274642308
53051,7.65286599831637e-05
53053,0.0003187230998958503
53055,0.0
53057,0.00021127534247733016
53059,9.062896501721951e-05
53061,0.0003578239193930625
53063,0.0004720973456220414
53065,0.00013859693700769214
53067,0.00016428914890206765
53069,0.0
53071,0.00025342118601115053
53073,0.00025991942497825674
53075,0.0005232743322564499
53077,0.0011954201757143567
54001,0.00018401521192418574
54003,0.0001938266220865436
54005,0.00039685689340423846
54007,0.0
54009,0.0002880065830076116
54011,0.0004643387815750371
54013,0.0
54015,0.00030385900941962927
54017,0.00012756729174639623
54019,0.0006403005143747466
54021,0.0
54023,0.0007471359787481321
54025,0.000168600893584736
54027,4.248088360237893e-05
54029,0.00012938284383490748
54031,7.15922107674685e-05
54033,0.0002005903086225177
54035,0.00082423243354626
54037,0.00022662461521028875
54039,0.0006450952283432316
54041,0.0001172882946281961
54043,8.966599417171039e-05
54045,0.0013076524913504235
54047,4.3687199650502406e-05
54049,8.715812226541392e-05
54051,0.0002673082063619353
54053,0.00022355527404150676
54055,0.000573120641895119
54057,0.00014279084710670047
54059,0.00047947479069081254
54061,7.49063670411985e-05
54063,0.0005812686187604447
54065,0.0
54067,0.00011294330246216399
54069,0.000266128495708678
54071,0.00012896569512509673
54073,0.0003922594142259414
54075,0.0
54077,0.00018551728402696184
54079,0.0004461338044506308
54081,0.00018752109612331388
54083,6.817097279978186e-05
54085,9.490367277213628e-05
54087,0.00013109596224436288
54089,0.00036279204759831664
54091,0.0004762755253914389
54093,0.0
54095,0.0
54097,0.00016474464579901152
54099,0.00030489950043389546
54101,0.0
54103,0.0006547229331587405
54105,0.00017259233690024162
54107,0.00011350995482303798
54109,0.00024906600249066
55001,0.0003340332124451231
55003,0.0003640114056907116
55005,0.0006458696635019053
55007,0.0003945551390806865
55009,0.0004934943007426487
55011,0.00021666907410082333
55013,0.00043673571250311955
55015,0.00046402733542848706
55017,0.000692554236660278
55019,0.000779941071119071
55021,0.00019381210797096344
55023,0.00023525260248191495
55025,0.00012865255845012467
55027,0.0006365727814880168
55029,0.00035368182782768623
55031,2.2352862284015467e-05
55033,6.848845969454146e-05
55035,0.00046186130104320413
55037,0.002369668246445498
55039,0.00035280627995178316
55041,0.0012395413696932136
55043,0.0010616754811945816
55045,0.00013588433525383193
55047,0.00020899733528397514
55049,0.0001669100771959107
55051,0.0011317704122877931
55053,0.00014689320863732068
55055,0.0003733050745405939
55057,0.00022231279410130054
55059,0.0006701370190869383
55061,0.0006249098687689276
55063,0.00026129217691222325
55065,0.00012039489525644112
55067,0.0012728251823566849
55069,0.0006410688980363048
55071,0.0004005972540879129
55073,0.0007911923866392984
55075,0.0005151259717149012
55077,0.0004551957341656912
55078,0.00044933722758930576
55079,0.0006752858831071851
55081,0.00024706886483087014
55083,0.0006307655917369708
55085,0.0005996838030856458
55087,0.0005622336418121915
55089,0.00036653532484193165
55091,0.00013281976358082084
55093,0.0002683777783199551
55095,8.916828284179317e-05
55097,0.0004552114599485042
55099,0.0002057189878625797
55101,0.0007138221933809214
55103,0.0005469262743382192
55105,0.0003825979635914841
55107,0.00033694992924051485
55109,0.00021499468485362445
55111,0.00016383505087078329
55113,0.00029425612052730695
55115,0.000996464922062208
55117,0.00038596461133363636
55119,0.0004922471080482402
55121,0.00024405550519489576
55123,0.00016759402024535766
55125,0.00040961223375204805
55127,0.00043811396804688794
55129,0.0001212268153715602
55131,0.0004697788250983126
55133,0.000427856260792482
55135,0.0017368649587494573
55137,0.00024040387851590673
55139,0.0005637823800013195
55141,0.00025153236162410474
56001,0.00022741486156120302
56003,0.000769362284151137
56005,0.0001367396704573942
56007,0.0002522545248155389
56009,0.00036756597809306773
56011,0.00044033465433729633
56013,0.0005587017802270361
56015,0.0004655132283342385
56017,0.0
56019,0.0002365744026496333
56021,0.00016538584517679746
56023,0.0003446295232624928
56025,0.000307601776065907
56027,0.0
56029,0.0001422121093611121
56031,0.0005789717461787865
56033,0.00027556749681375084
56035,0.00010913456291607552
56037,9.498029158949519e-05
56039,9.523809523809524e-05
56041,0.00019104933849166546
56043,0.0008445945945945946
56045,0.0
